-65.0
-65.0
-64.9
-64.9
-64.9
-64.9
-64.8
-64.8
-64.8
-64.7
-64.7
-64.7
-64.7
-64.6
-64.6
-64.6
-64.6
-64.5
-64.5
-64.5
-64.5
-64.4
-64.4
-64.4
-64.4
-64.4
-64.3
-64.3
-64.3
-64.3
-64.2
-64.2
-64.2
-64.2
-64.2
-64.1
-64.1
-64.1
-64.1
-64.1
-64.0
-64.0
-64.0
-64.0
-64.0
-63.9
-63.9
-63.9
-63.9
-63.9
-63.9
-63.8
-63.8
-63.8
-63.8
-63.8
-63.8
-63.7
-63.7
-63.7
-63.7
-63.7
-63.7
-63.7
-63.6
-63.6
-63.6
-63.6
-63.6
-63.6
-63.5
-63.5
-63.5
-63.5
-63.5
-63.5
-63.5
-63.5
-63.4
-63.4
-63.4
-63.4
-63.4
-63.4
-63.4
-63.4
-63.3
-63.3
-63.3
-63.3
-63.3
-63.3
-63.3
-63.3
-63.2
-63.2
-63.2
-63.2
-63.2
-63.2
-63.2
-63.2
-63.2
-63.1
-63.1
-63.1
-63.1
-63.1
-63.1
-63.1
-63.1
-63.1
-63.1
-63.0
-63.0
-63.0
-63.0
-63.0
-63.0
-63.0
-63.0
-63.0
-63.0
-63.0
-62.9
-62.9
-62.9
-62.9
-62.9
-62.9
-62.9
-62.9
-62.9
-62.9
-62.9
-62.8
-62.8
-62.8
-62.8
-62.8
-62.8
-62.8
-62.8
-62.8
-62.8
-62.8
-62.8
-62.8
-62.7
-62.7
-62.7
-62.7
-62.7
-62.7
-62.7
-62.7
-62.7
-62.7
-62.7
-62.7
-62.7
-62.7
-62.6
-62.6
-62.6
-62.6
-62.6
-62.6
-62.6
-62.6
-62.6
-62.6
-62.6
-62.6
-62.6
-62.6
-62.6
-62.6
-62.5
-62.5
-62.5
-62.5
-62.5
-62.5
-62.5
-62.5
-62.5
-62.5
-62.5
-62.5
-62.5
-62.5
-62.5
-62.5
-62.5
-62.4
-62.4
-62.4
-62.4
-62.4
-62.4
-62.4
-62.4
-62.4
-62.4
-62.4
-62.4
-62.4
-62.4
-62.4
-62.4
-62.4
-62.4
-62.4
-62.3
-62.3
-62.3
-62.3
-62.3
-62.3
-62.3
-62.3
-62.3
-62.3
-62.3
-62.3
-62.3
-62.3
-62.3
-62.3
-62.3
-62.3
-62.3
-62.3
-62.3
-62.2
-62.2
-62.2
-62.2
-62.2
-62.2
-62.2
-62.2
-62.2
-62.2
-62.2
-62.2
-62.2
-62.2
-62.2
-62.2
-62.2
-62.2
-62.2
-62.2
-62.2
-62.2
-62.2
-62.2
-62.1
-62.1
-62.1
-62.1
-62.1
-62.1
-62.1
-62.1
-62.1
-62.1
-62.1
-62.1
-62.1
-62.1
-62.1
-62.1
-62.1
-62.1
-62.1
-62.1
-62.1
-62.1
-62.1
-62.1
-62.1
-62.1
-62.0
-62.0
-62.0
-62.0
-62.0
-62.0
-62.0
-62.0
-62.0
-62.0
-62.0
-62.0
-62.0
-62.0
-62.0
-62.0
-62.0
-62.0
-62.0
-62.0
-62.0
-62.0
-62.0
-62.0
-62.0
-62.0
-62.0
-62.0
-62.0
-61.9
-61.9
-61.9
-61.9
-61.9
-61.9
-61.9
-61.9
-61.9
-61.9
-61.9
-61.9
-61.9
-61.9
-61.9
-61.9
-61.9
-61.9
-61.9
-61.9
-61.9
-61.9
-61.9
-61.9
-61.9
-61.9
-61.9
-61.9
-61.9
-61.9
-61.9
-61.9
-61.8
-61.8
-61.8
-61.8
-61.8
-61.8
-61.8
-61.8
-61.8
-61.8
-61.8
-61.8
-61.8
-61.8
-61.8
-61.8
-61.8
-61.8
-61.8
-61.8
-61.8
-61.8
-61.8
-61.8
-61.8
-61.8
-61.8
-61.8
-61.8
-61.8
-61.8
-61.8
-61.8
-61.8
-61.8
-61.7
-61.7
-61.7
-61.7
-61.7
-61.7
-61.7
-61.7
-61.7
-61.7
-61.7
-61.7
-61.7
-61.7
-61.7
-61.7
-61.7
-61.7
-61.7
-61.7
-61.7
-61.7
-61.7
-61.7
-61.7
-61.7
-61.7
-61.7
-61.7
-61.7
-61.7
-61.7
-61.7
-61.7
-61.7
-61.7
-61.7
-61.7
-61.6
-61.6
-61.6
-61.6
-61.6
-61.6
-61.6
-61.6
-61.6
-61.6
-61.6
-61.6
-61.6
-61.6
-61.6
-61.6
-61.6
-61.6
-61.6
-61.6
-61.6
-61.6
-61.6
-61.6
-61.6
-61.6
-61.6
-61.6
-61.6
-61.6
-61.6
-61.6
-61.6
-61.6
-61.6
-61.6
-61.6
-61.6
-61.6
-61.6
-61.5
-61.5
-61.5
-61.5
-61.5
-61.5
-61.5
-61.5
-61.5
-61.5
-61.5
-61.5
-61.5
-61.5
-61.5
-61.5
-61.5
-61.5
-61.5
-61.5
-61.5
-61.5
-61.5
-61.5
-61.5
-61.5
-61.5
-61.5
-61.5
-61.5
-61.5
-61.5
-61.5
-61.5
-61.5
-61.5
-61.5
-61.5
-61.5
-61.5
-61.4
-61.4
-61.4
-61.4
-61.4
-61.4
-61.4
-61.4
-61.4
-61.4
-61.4
-61.4
-61.4
-61.4
-61.4
-61.4
-61.4
-61.4
-61.4
-61.4
-61.4
-61.4
-61.4
-61.4
-61.4
-61.4
-61.4
-61.4
-61.4
-61.4
-61.4
-61.4
-61.4
-61.4
-61.4
-61.4
-61.4
-61.4
-61.4
-61.4
-61.4
-61.3
-61.3
-61.3
-61.3
-61.3
-61.3
-61.3
-61.3
-61.3
-61.3
-61.3
-61.3
-61.3
-61.3
-61.3
-61.3
-61.3
-61.3
-61.3
-61.3
-61.3
-61.3
-61.3
-61.3
-61.3
-61.3
-61.3
-61.3
-61.3
-61.3
-61.3
-61.3
-61.3
-61.3
-61.3
-61.3
-61.3
-61.3
-61.3
-61.2
-61.2
-61.2
-61.2
-61.2
-61.2
-61.2
-61.2
-61.2
-61.2
-61.2
-61.2
-61.2
-61.2
-61.2
-61.2
-61.2
-61.2
-61.2
-61.2
-61.2
-61.2
-61.2
-61.2
-61.2
-61.2
-61.2
-61.2
-61.2
-61.2
-61.2
-61.2
-61.2
-61.2
-61.2
-61.2
-61.1
-61.1
-61.1
-61.1
-61.1
-61.1
-61.1
-61.1
-61.1
-61.1
-61.1
-61.1
-61.1
-61.1
-61.1
-61.1
-61.1
-61.1
-61.1
-61.1
-61.1
-61.1
-61.1
-61.1
-61.1
-61.1
-61.1
-61.1
-61.1
-61.1
-61.1
-61.1
-61.1
-61.0
-61.0
-61.0
-61.0
-61.0
-61.0
-61.0
-61.0
-61.0
-61.0
-61.0
-61.0
-61.0
-61.0
-61.0
-61.0
-61.0
-61.0
-61.0
-61.0
-61.0
-61.0
-61.0
-61.0
-61.0
-61.0
-61.0
-61.0
-61.0
-61.0
-60.9
-60.9
-60.9
-60.9
-60.9
-60.9
-60.9
-60.9
-60.9
-60.9
-60.9
-60.9
-60.9
-60.9
-60.9
-60.9
-60.9
-60.9
-60.9
-60.9
-60.9
-60.9
-60.9
-60.9
-60.9
-60.9
-60.8
-60.8
-60.8
-60.8
-60.8
-60.8
-60.8
-60.8
-60.8
-60.8
-60.8
-60.8
-60.8
-60.8
-60.8
-60.8
-60.8
-60.8
-60.8
-60.8
-60.8
-60.8
-60.8
-60.7
-60.7
-60.7
-60.7
-60.7
-60.7
-60.7
-60.7
-60.7
-60.7
-60.7
-60.7
-60.7
-60.7
-60.7
-60.7
-60.7
-60.7
-60.7
-60.7
-60.6
-60.6
-60.6
-60.6
-60.6
-60.6
-60.6
-60.6
-60.6
-60.6
-60.6
-60.6
-60.6
-60.6
-60.6
-60.6
-60.6
-60.5
-60.5
-60.5
-60.5
-60.5
-60.5
-60.5
-60.5
-60.5
-60.5
-60.5
-60.5
-60.5
-60.5
-60.4
-60.4
-60.4
-60.4
-60.4
-60.4
-60.4
-60.4
-60.4
-60.4
-60.4
-60.4
-60.4
-60.3
-60.3
-60.3
-60.3
-60.3
-60.3
-60.3
-60.3
-60.3
-60.3
-60.3
-60.2
-60.2
-60.2
-60.2
-60.2
-60.2
-60.2
-60.2
-60.2
-60.2
-60.1
-60.1
-60.1
-60.1
-60.1
-60.1
-60.1
-60.1
-60.1
-60.0
-60.0
-60.0
-60.0
-60.0
-60.0
-60.0
-59.9
-59.9
-59.9
-59.9
-59.9
-59.9
-59.9
-59.8
-59.8
-59.8
-59.8
-59.8
-59.8
-59.7
-59.7
-59.7
-59.7
-59.7
-59.6
-59.6
-59.6
-59.6
-59.5
-59.5
-59.5
-59.5
-59.5
-59.4
-59.4
-59.4
-59.3
-59.3
-59.3
-59.3
-59.2
-59.2
-59.2
-59.1
-59.1
-59.0
-59.0
-59.0
-58.9
-58.9
-58.8
-58.8
-58.7
-58.7
-58.6
-58.6
-58.5
-58.4
-58.4
-58.3
-58.2
-58.1
-58.1
-58.0
-57.9
-57.8
-57.6
-57.5
-57.4
-57.2
-57.0
-56.8
-56.6
-56.3
-56.0
-55.6
-55.0
-54.3
-53.3
-51.2
-44.3
47.7
14.2
-31.8
-75.2
-84.2
-85.4
-85.5
-85.4
-85.1
-84.8
-84.5
-84.2
-84.0
-83.7
-83.4
-83.1
-82.8
-82.6
-82.3
-82.1
-81.8
-81.5
-81.3
-81.1
-80.8
-80.6
-80.3
-80.1
-79.9
-79.6
-79.4
-79.2
-79.0
-78.8
-78.6
-78.3
-78.1
-77.9
-77.7
-77.5
-77.3
-77.1
-77.0
-76.8
-76.6
-76.4
-76.2
-76.0
-75.9
-75.7
-75.5
-75.4
-75.2
-75.0
-74.9
-74.7
-74.5
-74.4
-74.2
-74.1
-73.9
-73.8
-73.6
-73.5
-73.4
-73.2
-73.1
-73.0
-72.8
-72.7
-72.6
-72.4
-72.3
-72.2
-72.1
-71.9
-71.8
-71.7
-71.6
-71.5
-71.3
-71.2
-71.1
-71.0
-70.9
-70.8
-70.7
-70.6
-70.5
-70.4
-70.3
-70.2
-70.1
-70.0
-69.9
-69.8
-69.7
