-65.0
-64.9
-64.8
-64.7
-64.6
-64.5
-64.4
-64.3
-64.3
-64.2
-64.1
-64.0
-64.0
-63.9
-63.8
-63.8
-63.7
-63.7
-63.6
-63.5
-63.5
-63.4
-63.4
-63.4
-63.3
-63.3
-63.2
-63.2
-63.1
-63.1
-63.1
-63.0
-63.0
-63.0
-62.9
-62.9
-62.9
-62.8
-62.8
-62.8
-62.7
-62.7
-62.7
-62.8
-62.8
-62.7
-62.7
-62.7
-62.7
-62.6
-62.6
-62.6
-62.6
-62.5
-62.5
-62.5
-62.5
-62.4
-62.4
-62.4
-62.4
-62.4
-62.4
-62.3
-62.3
-62.3
-62.3
-62.3
-62.3
-62.2
-62.2
-62.3
-62.2
-62.2
-62.2
-62.2
-62.2
-62.2
-62.1
-62.1
-62.1
-62.1
-62.1
-62.1
-62.1
-62.1
-62.1
-62.1
-62.1
-62.1
-62.0
-62.0
-62.0
-62.0
-62.0
-62.0
-62.0
-62.0
-62.0
-61.9
-61.9
-61.9
-61.9
-61.9
-61.9
-61.9
-61.9
-61.9
-61.8
-61.8
-61.8
-61.8
-61.8
-61.8
-61.8
-61.8
-61.8
-61.7
-61.7
-61.7
-61.7
-61.7
-61.7
-61.7
-61.7
-61.7
-61.7
-61.7
-61.6
-61.6
-61.6
-61.6
-61.6
-61.6
-61.6
-61.6
-61.6
-61.6
-61.6
-61.6
-61.6
-61.6
-61.6
-61.5
-61.5
-61.5
-61.5
-61.4
-61.4
-61.4
-61.4
-61.4
-61.4
-61.4
-61.4
-61.4
-61.4
-61.4
-61.4
-61.3
-61.3
-61.3
-61.3
-61.3
-61.3
-61.3
-61.3
-61.3
-61.3
-61.2
-61.2
-61.2
-61.2
-61.2
-61.2
-61.2
-61.2
-61.2
-61.2
-61.1
-61.1
-61.1
-61.1
-61.1
-61.1
-61.1
-61.1
-61.1
-61.0
-61.0
-61.0
-61.0
-61.0
-61.0
-61.0
-61.0
-61.1
-61.1
-61.1
-61.1
-61.1
-61.0
-61.0
-61.0
-61.0
-61.0
-61.0
-61.0
-61.0
-61.0
-60.9
-60.9
-60.9
-60.9
-60.9
-60.9
-60.9
-60.8
-60.8
-60.8
-60.8
-60.8
-60.8
-60.7
-60.7
-60.7
-60.7
-60.7
-60.8
-60.8
-60.8
-60.8
-60.8
-60.7
-60.7
-60.7
-60.7
-60.7
-60.6
-60.6
-60.6
-60.7
-60.6
-60.6
-60.6
-60.6
-60.6
-60.5
-60.5
-60.5
-60.5
-60.4
-60.4
-60.4
-60.4
-60.4
-60.3
-60.3
-60.3
-60.2
-60.2
-60.2
-60.2
-60.1
-60.1
-60.0
-60.0
-59.9
-57.7
-57.2
-56.3
-54.7
-75.2
-74.6
-74.1
-73.5
-73.0
-72.5
-72.1
-71.6
-71.2
-70.8
-70.4
-70.1
-69.7
-69.4
-69.1
-68.8
-70.0
-69.6
-69.3
-69.0
-68.7
-68.4
-68.2
-67.9
-67.7
-67.0
-66.8
-66.6
-66.4
-66.2
-66.1
-65.9
-65.8
-65.6
-65.5
-65.4
-65.2
-65.1
-65.0
-64.9
-64.8
-64.7
-64.6
-64.5
-64.4
-64.3
-64.3
-64.2
-64.1
-64.0
-64.0
-63.9
-63.8
-63.8
-63.7
-63.7
-63.6
-63.5
-63.5
-63.4
-63.4
-63.4
-63.3
-63.3
-63.2
-63.2
-63.1
-63.1
-63.1
-63.0
-63.0
-63.0
-62.9
-62.9
-62.9
-62.8
-62.8
-62.8
-62.7
-62.7
-62.7
-62.7
-62.7
-62.7
-62.7
-62.7
-62.6
-62.6
-62.6
-62.6
-62.5
-62.5
-62.5
-62.5
-62.5
-62.4
-62.4
-62.4
-62.4
-62.4
-62.3
-62.3
-62.3
-62.3
-62.3
-62.3
-62.2
-62.2
-62.2
-62.2
-62.2
-62.2
-62.1
-62.1
-62.1
-62.1
-62.1
-62.1
-62.1
-62.0
-62.0
-62.0
-62.0
-62.0
-62.0
-62.0
-62.0
-61.9
-61.9
-61.9
-61.9
-61.9
-61.9
-61.9
-61.9
-61.9
-62.0
-62.0
-62.0
-62.0
-62.0
-62.0
-61.9
-61.8
-61.8
-61.8
-61.8
-61.8
-61.8
-61.7
-61.7
-61.7
-61.7
-61.7
-61.7
-61.7
-61.7
-61.7
-61.7
-61.6
-61.6
-61.6
-61.6
-61.6
-61.6
-61.6
-61.6
-61.6
-61.6
-61.6
-61.5
-61.5
-61.5
-61.5
-61.5
-61.5
-61.5
-61.5
-61.5
-61.5
-61.5
-61.4
-61.4
-61.4
-61.4
-61.4
-61.4
-61.4
-61.4
-61.4
-61.4
-61.4
-61.3
-61.3
-61.3
-61.3
-61.3
-61.3
-61.3
-61.3
-61.3
-61.3
-61.2
-61.2
-61.2
-61.2
-61.2
-61.2
-61.2
-61.2
-61.2
-61.2
-61.1
-61.1
-61.1
-61.1
-61.1
-61.1
-61.1
-61.1
-61.1
-61.0
-61.0
-61.0
-61.0
-61.0
-61.0
-61.0
-61.0
-60.9
-60.9
-60.9
-60.9
-60.9
-60.9
-60.9
-60.8
-60.8
-60.8
-60.8
-60.8
-60.8
-60.7
-60.7
-60.7
-60.7
-60.7
-60.6
-60.6
-60.6
-60.6
-60.6
-60.5
-60.5
-60.5
-60.5
-60.4
-60.4
-60.4
-60.3
-60.3
-60.3
-60.2
-60.2
-60.2
-60.1
-60.1
-60.0
-60.0
-59.9
-59.9
-59.8
-59.8
-59.7
-59.6
-59.5
-59.4
-59.3
-59.2
-59.1
-58.9
-58.8
-58.6
-58.3
-58.0
-57.6
-57.1
-56.2
-54.3
-61.1
-61.1
-61.1
-61.1
-61.1
-61.1
-61.1
-61.1
-61.1
-61.0
-61.0
-61.0
-61.0
-61.0
-61.0
-61.0
-61.0
-60.9
-60.9
-60.9
-60.9
-60.9
-60.9
-60.9
-60.8
-60.8
-60.8
-60.8
-60.8
-60.8
-60.7
-60.7
-60.7
-60.7
-60.7
-60.7
-60.6
-60.6
-60.6
-60.6
-60.5
-60.5
-60.5
-60.5
-60.4
-60.4
-60.4
-60.4
-60.3
-60.3
-60.3
-60.2
-60.2
-60.2
-60.1
-60.1
-60.0
-60.0
-59.9
-59.9
-59.8
-59.7
-59.7
-59.6
-59.5
-59.4
-59.3
-59.2
-59.0
-58.9
-58.7
-58.5
-58.2
-57.9
-57.5
-56.8
-55.7
-52.7
-60.1
-60.0
-60.0
-59.9
-59.8
-59.8
-59.7
-59.6
-59.6
-59.5
-59.4
-59.3
-59.2
-59.0
-58.9
-58.7
-58.5
-58.2
-57.9
-57.4
-56.7
-55.5
-51.8
-59.6
-59.5
-59.4
-59.3
-59.1
-59.0
-58.8
-58.7
-58.4
-58.2
-57.8
-57.3
-56.6
-55.3
-58.2
-57.9
-57.4
-56.8
-55.6
-52.4
-51.8
-50.5
-40.3
-86.0
-85.0
-83.9
-82.9
-81.9
-81.0
-80.1
-79.3
-78.5
-77.8
-77.0
-76.4
-75.7
-75.1
-74.5
-73.9
-73.4
-72.9
-72.4
-71.9
-71.5
-71.1
-70.7
-70.3
-70.0
-69.6
-69.3
-69.0
-68.7
-68.4
-68.2
-67.9
-67.7
-67.4
-67.2
-67.0
-66.8
-66.6
-66.4
-66.3
-66.1
-65.9
-65.8
-65.7
-65.5
-65.4
-65.3
-65.1
-65.0
-64.9
-64.8
-64.7
-64.6
-64.5
-64.4
-64.4
-64.3
-64.2
-64.1
-64.0
-64.0
-63.9
-63.8
-63.8
-63.7
-63.7
-63.6
-63.6
-63.5
-63.5
-63.4
-63.4
-63.3
-63.3
-63.2
-63.2
-63.2
-63.1
-63.1
-63.0
-63.0
-63.0
-62.9
-62.9
-62.9
-62.8
-62.8
-62.8
-62.8
-62.7
-62.7
-62.7
-62.7
-62.6
-62.6
-62.6
-62.6
-62.5
-62.5
-62.5
-62.5
-62.4
-62.4
-62.4
-62.4
-62.4
-62.4
-62.3
-62.3
-62.3
-62.3
-62.3
-62.2
-62.2
-62.2
-62.2
-62.2
-62.2
-62.2
-62.1
-62.1
-62.1
-62.1
-62.1
-62.1
-62.1
-62.0
-62.0
-62.0
-62.0
-62.0
-62.0
-62.0
-62.0
-61.9
-61.9
-61.9
-61.9
-61.9
-61.9
-61.9
-61.9
-61.8
-61.8
-61.8
-61.8
-61.8
-61.8
-61.8
-61.8
-61.8
-61.8
-61.7
-61.7
-61.7
-61.7
-61.7
-61.7
-61.7
-61.7
-61.7
-61.7
-61.6
-61.6
-61.6
-61.6
-61.6
-61.6
-61.6
-61.6
-61.6
-61.6
-61.6
-61.5
-61.5
-61.5
-61.5
-61.5
-61.5
-61.5
-61.5
-61.5
-61.5
-61.5
-61.4
-61.4
-61.4
-61.4
-61.4
-61.4
-61.4
-61.4
-61.4
-61.4
-61.4
-61.3
-61.3
-61.3
-61.3
-61.3
-61.3
-61.3
-61.3
-61.3
-61.3
-61.2
-61.2
-61.2
-61.2
-61.2
-61.2
-61.2
-61.2
-61.2
-61.2
-61.1
-61.1
-61.1
-61.1
-61.1
-60.8
-60.8
-60.8
-60.8
-60.8
-60.8
-60.7
-60.7
-60.7
-60.7
-60.7
-60.6
-60.6
-60.6
-60.6
-60.6
-60.5
-60.5
-60.5
-60.5
-60.4
-60.4
-60.4
-60.3
-60.3
-60.3
-60.2
-60.2
-60.2
-60.1
-60.1
-60.0
-60.0
-59.9
-59.9
-59.8
-59.8
-59.7
-59.6
-59.5
-59.4
-59.3
-59.2
-59.1
-59.0
-58.8
-58.6
-58.4
-58.1
-57.7
-57.2
-56.4
-59.7
-59.6
-59.5
-59.4
-59.3
-59.2
-59.1
-58.9
-58.8
-58.6
-58.3
-58.0
-57.6
-57.1
-56.2
-54.2
-57.9
-57.4
-56.7
-55.6
-52.0
-57.1
-56.3
-56.1
-54.1
-50.8
-55.0
-52.1
9.4
nan
nan
nan
nan
nan
nan
nan
nan
nan
nan
nan
nan
nan
nan
