-64.8
-64.8
-64.8
-64.8
-64.8
-64.8
-64.8
-64.8
-64.8
-64.8
-64.8
-64.8
-64.8
-64.8
-64.8
-64.8
-64.8
-64.8
-64.8
-64.8
-64.8
-64.8
-64.8
-64.8
-64.8
-64.8
-64.8
-64.8
-64.8
-64.8
-64.8
-64.8
-64.8
-64.8
-64.8
-64.8
-64.8
-64.8
-64.8
-64.8
-64.8
-64.8
-64.8
-64.8
-64.8
-64.8
-64.8
-64.8
-64.8
-64.8
-64.8
-64.8
-64.8
-64.8
-64.8
-64.8
-64.8
-64.8
-64.8
-64.8
-64.8
-64.8
-64.8
-64.8
-64.8
-64.8
-64.8
-64.8
-64.8
-64.8
-64.8
-64.8
-64.8
-64.8
-64.8
-64.8
-64.8
-64.8
-64.8
-64.8
-64.8
-64.8
-64.8
-64.8
-64.8
-64.8
-64.8
-64.8
-64.8
-64.8
-64.8
-64.8
-64.8
-64.8
-64.8
-64.8
-64.8
-64.8
-64.8
-64.8
-64.8
-64.8
-64.8
-64.8
-64.8
-64.8
-64.8
-64.8
-64.8
-64.8
-64.8
-64.8
-64.8
-64.8
-64.8
-64.8
-64.8
-64.8
-64.8
-64.8
-64.8
-64.8
-64.8
-64.8
-64.8
-64.8
-64.8
-64.8
-64.8
-64.8
-64.8
-64.8
-64.8
-64.8
-64.8
-64.8
-64.8
-64.8
-64.8
-64.8
-64.8
-64.8
-64.8
-64.8
-64.8
-64.8
-64.8
-64.8
-64.8
-64.8
-64.8
-64.8
-64.8
-64.8
-64.8
-64.8
-64.8
-64.8
-64.8
-64.8
-64.8
-64.8
-64.8
-64.8
-64.8
-64.8
-64.8
-64.8
-64.8
-64.8
-64.8
-64.8
-64.8
-64.8
-64.8
-64.8
-64.8
-64.8
-64.8
-64.8
-64.8
-64.8
-64.8
-64.8
-64.8
-64.8
-64.8
-64.8
-64.8
-64.8
-64.8
-64.8
-64.8
-64.8
-64.8
-64.8
-64.8
-64.8
-64.8
-64.8
-64.8
-64.8
-64.8
-64.8
-64.8
-64.8
-64.8
-64.8
-64.8
-64.8
-64.8
-64.8
-64.8
-64.8
-64.8
-64.8
-64.8
-64.8
-64.8
-64.8
-64.8
-64.8
-64.8
-64.8
-64.8
-64.8
-64.8
-64.8
-64.8
-64.8
-64.8
-64.8
-64.8
-64.8
-64.8
-64.8
-64.8
-64.8
-64.8
-64.8
-64.8
-64.8
-64.8
-64.8
-64.6
-64.3
-63.8
-63.2
-62.5
-61.8
-61.1
-60.4
-59.8
-59.1
-58.5
-57.9
-57.3
-56.7
-56.1
-55.4
-54.8
-54.0
-53.2
-52.1
-50.8
-48.8
-45.0
-32.2
36.2
47.5
39.7
25.2
6.8
-11.3
-27.3
-42.9
-61.5
-74.4
-79.9
-82.2
-83.2
-83.5
-83.5
-83.3
-83.0
-82.7
-82.2
-81.8
-81.3
-80.9
-80.4
-80.0
-79.5
-79.1
-78.6
-78.2
-77.8
-77.4
-77.0
-76.6
-76.2
-75.9
-75.5
-75.1
-74.8
-74.5
-74.1
-73.8
-73.5
-73.2
-72.9
-72.7
-72.4
-72.1
-71.8
-71.6
-71.3
-71.1
-70.8
-70.6
-70.4
-70.2
-70.0
-69.7
-69.5
-69.3
-69.1
-69.0
-68.8
-68.6
-68.4
-68.2
-68.1
-67.9
-67.8
-67.6
-67.5
-67.3
-67.2
-67.0
-66.9
-66.8
-66.6
-66.5
-66.4
-66.3
-66.1
-66.0
-65.9
-65.8
-65.7
-65.6
-65.5
-65.4
-65.3
-65.2
-65.1
-65.0
-64.9
-64.9
-64.8
-64.7
-64.6
-64.5
-64.5
-64.4
-64.3
-64.2
-64.2
-64.1
-64.1
-64.0
-63.9
-63.9
-63.8
-63.8
-63.7
-63.7
-63.6
-63.5
-63.5
-63.5
-63.4
-63.4
-63.3
-63.3
-63.2
-63.2
-63.2
-63.1
-63.1
-63.0
-63.0
-63.0
-62.9
-62.9
-62.9
-62.8
-62.8
-62.8
-62.8
-62.7
-62.7
-62.7
-62.6
-62.6
-62.6
-62.6
-62.5
-62.5
-62.5
-62.5
-62.5
-62.4
-62.4
-62.4
-62.4
-62.4
-62.4
-62.3
-62.3
-62.3
-62.3
-62.3
-62.3
-62.3
-62.2
-62.2
-62.2
-62.2
-62.2
-62.2
-62.2
-62.2
-62.2
-62.1
-62.1
-62.1
-62.1
-62.1
-62.1
-62.1
-62.1
-62.1
-62.1
-62.1
-62.1
-62.1
-62.1
-62.1
-62.0
-62.0
-62.0
-62.0
-62.0
-62.0
-62.0
-62.0
-62.0
-62.0
-62.0
-62.0
-62.0
-62.0
-62.0
-62.0
-62.0
-62.0
-62.0
-62.0
-62.0
-62.0
-62.0
-62.0
-62.0
-62.0
-62.0
-62.0
-62.0
-62.0
-62.0
-62.0
-62.0
-62.0
-62.0
-62.0
-62.0
-62.0
-62.0
-62.0
-62.0
-62.0
-62.0
-62.1
-62.1
-62.1
-62.1
-62.1
-62.1
-62.1
-62.1
-62.1
-62.1
-62.1
-62.1
-62.1
-62.1
-62.1
-62.1
-62.1
-62.1
-62.1
-62.1
-62.1
-62.1
-62.1
-62.1
-62.2
-62.2
-62.2
-62.2
-62.2
-62.2
-62.2
-62.2
-62.2
-62.2
-62.2
-62.2
-62.2
-62.2
-62.2
-62.2
-62.2
-62.2
-62.3
-62.3
-62.3
-62.3
-62.3
-62.3
-62.3
-62.3
-62.3
-62.3
-62.3
-62.3
-62.3
-62.3
-62.3
-62.3
-62.4
-62.4
-62.4
-62.4
-62.4
-62.4
-62.4
-62.4
-62.4
-62.4
-62.4
-62.4
-62.4
-62.4
-62.4
-62.5
-62.5
-62.5
-62.5
-62.5
-62.5
-62.5
-62.5
-62.5
-62.5
-62.5
-62.5
-62.5
-62.5
-62.5
-62.6
-62.6
-62.6
-62.6
-62.6
-62.6
-62.6
-62.6
-62.6
-62.6
-62.6
-62.6
-62.6
-62.6
-62.6
-62.7
-62.7
-62.7
-62.7
-62.7
-62.7
-62.7
-62.7
-62.7
-62.7
-62.7
-62.7
-62.7
-62.7
-62.8
-62.8
-62.8
-62.8
-62.8
-62.8
-62.8
-62.8
-62.8
-62.8
-62.8
-62.8
-62.8
-62.8
-62.8
-62.9
-62.9
-62.9
-62.9
-62.9
-62.9
-62.9
-62.9
-62.9
-62.9
-62.9
-62.9
-62.9
-62.9
-62.9
-62.9
-63.0
-63.0
-63.0
-63.0
-63.0
-63.0
-63.0
-63.0
-63.0
-63.0
-63.0
-63.0
-63.0
-63.0
-63.0
-63.0
-63.1
-63.1
-63.1
-63.1
-63.1
-63.1
-63.1
-63.1
-63.1
-63.1
-63.1
-63.1
-63.1
-63.1
-63.1
-63.1
-63.2
-63.2
-63.2
-63.2
-63.2
-63.2
-63.2
-63.2
-63.2
-63.2
-63.2
-63.2
-63.2
-63.2
-63.2
-63.2
-63.2
-63.3
-63.3
-63.3
-63.3
-63.3
-63.3
-63.3
-63.3
-63.3
-63.3
-63.3
-63.3
-63.3
-63.3
-63.3
-63.3
-63.3
-63.3
-63.3
-63.4
-63.4
-63.4
-63.4
-63.4
-63.4
-63.4
-63.4
-63.4
-63.4
-63.4
-63.4
-63.4
-63.4
-63.4
-63.4
-63.4
-63.4
-63.4
-63.5
-63.5
-63.5
-63.5
-63.5
-63.5
-63.5
-63.5
-63.5
-63.5
-63.5
-63.5
-63.5
-63.5
-63.5
-63.5
-63.5
-63.5
-63.5
-63.5
-63.6
-63.6
-63.6
-63.6
-63.6
-63.6
-63.6
-63.6
-63.6
-63.6
-63.6
-63.6
-63.6
-63.6
-63.6
-63.6
-63.6
-63.6
-63.6
-63.6
-63.6
-63.6
-63.7
-63.7
-63.7
-63.7
-63.7
-63.7
-63.7
-63.7
-63.7
-63.7
-63.7
-63.7
-63.7
-63.7
-63.7
-63.7
-63.7
-63.7
-63.7
-63.7
-63.7
-63.7
-63.7
-63.7
-63.8
-63.8
-63.8
-63.8
-63.8
-63.8
