-65.0
-65.0
-65.0
-65.0
-65.0
-65.0
-64.9
-64.9
-64.9
-64.9
-64.9
-64.9
-64.9
-64.9
-64.9
-64.9
-64.9
-64.9
-64.9
-64.9
-64.9
-64.9
-64.9
-64.9
-64.8
-64.8
-64.8
-64.8
-64.8
-64.8
-64.8
-64.8
-64.8
-64.8
-64.8
-64.8
-64.8
-64.8
-64.8
-64.8
-64.8
-64.8
-64.8
-64.8
-64.8
-64.8
-64.8
-64.8
-64.8
-64.8
-64.8
-64.8
-64.8
-64.8
-64.8
-64.8
-64.8
-64.8
-64.8
-64.8
-64.8
-64.8
-64.8
-64.8
-64.8
-64.8
-64.8
-64.8
-64.8
-64.8
-64.8
-64.8
-64.8
-64.8
-64.8
-64.8
-64.8
-64.8
-64.8
-64.8
-64.8
-64.8
-64.8
-64.8
-64.8
-64.8
-64.8
-64.8
-64.8
-64.8
-64.8
-64.8
-64.8
-64.8
-64.8
-64.8
-64.8
-64.8
-64.8
-64.8
-64.8
-64.8
-64.8
-64.8
-64.8
-64.8
-64.8
-64.8
-64.8
-64.8
-64.8
-64.8
-64.8
-64.8
-64.8
-64.8
-64.8
-64.8
-64.8
-64.8
-64.8
-64.8
-64.8
-64.8
-64.8
-64.8
-64.8
-64.8
-64.8
-64.8
-64.8
-64.8
-64.8
-64.8
-64.8
-64.8
-64.8
-64.8
-64.8
-64.8
-64.8
-64.8
-64.8
-64.8
-64.8
-64.8
-64.8
-64.8
-64.8
-64.8
-64.8
-64.8
-64.8
-64.8
-64.8
-64.8
-64.8
-64.8
-64.8
-64.8
-64.8
-64.8
-64.8
-64.8
-64.8
-64.8
-64.8
-64.8
-64.8
-64.8
-64.8
-64.8
-64.8
-64.8
-64.8
-64.8
-64.8
-64.8
-64.8
-64.8
-64.8
-64.8
-64.8
-64.8
-64.8
-64.8
-64.8
-64.8
-64.8
-64.8
-64.8
-64.8
-64.8
-64.8
-64.8
-64.8
-64.8
-64.8
-64.8
-64.8
-64.8
-64.8
-64.8
-64.8
-64.8
-64.8
-64.8
-64.8
-64.8
-64.8
-64.8
-64.8
-64.8
-64.8
-64.8
-64.8
-64.8
-64.8
-64.8
-64.8
-64.8
-64.8
-64.8
-64.8
-64.8
-64.8
-64.8
-64.8
-64.8
-64.8
-64.8
-64.8
-64.8
-64.8
-64.8
-64.8
-64.8
-64.8
-64.8
-64.8
-64.8
-64.8
-64.8
-64.8
-64.8
-64.8
-64.8
-64.3
-63.0
-62.0
-61.2
-60.6
-60.0
-59.6
-59.2
-58.9
-58.5
-58.2
-57.7
-57.2
-56.3
-54.6
-30.2
-76.2
-85.4
-84.5
-83.5
-82.5
-81.6
-80.8
-80.0
-79.3
-78.5
-77.9
-77.2
-76.6
-76.1
-75.5
-75.0
-74.5
-74.0
-73.6
-73.2
-72.8
-72.4
-72.0
-71.7
-71.4
-71.1
-70.8
-70.5
-70.2
-70.0
-69.7
-69.5
-69.3
-69.1
-68.9
-68.7
-68.5
-68.3
-68.2
-68.0
-67.8
-67.7
-67.6
-67.4
-67.3
-67.2
-67.1
-67.0
-66.9
-66.8
-66.7
-66.6
-66.5
-66.5
-66.4
-66.3
-66.2
-66.2
-66.1
-66.1
-66.0
-65.9
-65.9
-65.8
-65.8
-65.8
-65.7
-65.7
-65.6
-65.6
-65.6
-65.5
-65.5
-65.5
-65.4
-65.4
-65.4
-65.3
-65.3
-65.3
-65.3
-65.3
-65.2
-65.2
-65.2
-65.2
-65.2
-65.1
-65.1
-65.1
-65.1
-65.1
-65.1
-65.1
-65.0
-65.0
-65.0
-65.0
-65.0
-65.0
-65.0
-65.0
-65.0
-65.0
-64.9
-64.9
-64.9
-64.9
-64.9
-64.9
-64.9
-64.9
-64.9
-64.9
-64.9
-64.9
-64.9
-64.9
-64.9
-64.9
-64.9
-64.9
-64.8
-64.8
-64.8
-64.8
-64.8
-64.8
-64.8
-64.8
-64.8
-64.8
-64.8
-64.8
-64.8
-64.8
-64.8
-64.8
-64.8
-64.8
-64.8
-64.8
-64.8
-64.8
-64.8
-64.8
-64.8
-64.8
-64.8
-64.8
-64.8
-64.8
-64.8
-64.8
-64.8
-64.8
-64.8
-64.8
-64.8
-64.8
-64.8
-64.8
-64.8
-64.8
-64.8
-64.8
-64.8
-64.8
-64.8
-64.8
-64.8
-64.8
-64.8
-64.8
-64.8
-64.8
-64.8
-64.8
-64.8
-64.8
-64.8
-64.8
-64.8
-64.8
-64.8
-64.8
-64.8
-64.8
-64.8
-64.8
-64.8
-64.8
-64.8
-64.8
-64.8
-64.8
-64.8
-64.8
-64.8
-64.8
-64.8
-64.8
-64.8
-64.8
-64.8
-64.8
-64.8
-64.8
-64.8
-64.8
-64.8
-64.8
-64.8
-64.8
-64.8
-64.8
-64.8
-64.8
-64.8
-64.8
-64.8
-64.8
-64.8
-64.8
-64.8
-64.8
-64.8
-64.8
-64.8
-64.8
-64.8
-64.8
-64.8
-64.8
-64.8
-64.8
-64.8
-64.8
-64.8
-64.8
-64.8
-64.8
-64.8
-64.8
-64.8
-64.8
-64.8
-64.8
-64.8
-64.8
-64.8
-64.8
-64.8
-64.8
-64.8
-64.8
-64.8
-64.8
-64.8
-64.8
-64.8
-64.8
-64.8
-64.8
-64.8
-64.8
-64.8
-64.8
-64.8
-64.8
-64.8
-64.8
-64.8
-64.8
-64.8
-64.8
-64.8
-64.8
-64.4
-63.1
-62.1
-61.3
-60.6
-60.1
-59.7
-59.3
-58.9
-58.6
-58.2
-57.8
-57.2
-56.4
-54.9
-44.5
-64.5
-85.5
-84.6
-83.6
-82.6
-81.7
-80.9
-80.1
-79.3
-78.6
-77.9
-77.3
-76.7
-76.1
-75.6
-75.1
-74.6
-74.1
-73.6
-73.2
-72.8
-72.4
-72.1
-71.7
-71.4
-71.1
-70.8
-70.5
-70.2
-70.0
-69.7
-69.5
-69.3
-69.1
-68.9
-68.7
-68.5
-68.3
-68.2
-68.0
-67.9
-67.7
-67.6
-67.5
-67.3
-67.2
-67.1
-67.0
-66.9
-66.8
-66.7
-66.6
-66.5
-66.5
-66.4
-66.3
-66.3
-66.2
-66.1
-66.1
-66.0
-66.0
-65.9
-65.8
-65.8
-65.8
-65.7
-65.7
-65.6
-65.6
-65.6
-65.5
-65.5
-65.5
-65.4
-65.4
-65.4
-65.3
-65.3
-65.3
-65.3
-65.3
-65.2
-65.2
-65.2
-65.2
-65.2
-65.1
-65.1
-65.1
-65.1
-65.1
-65.1
-65.1
-65.0
-65.0
-65.0
-65.0
-65.0
-65.0
-65.0
-65.0
-65.0
-65.0
-64.9
-64.9
-64.9
-64.9
-64.9
-64.9
-64.9
-64.9
-64.9
-64.9
-64.9
-64.9
-64.9
-64.9
-64.9
-64.9
-64.9
-64.9
-64.8
-64.8
-64.8
-64.8
-64.8
-64.8
-64.8
-64.8
-64.8
-64.8
-64.8
-64.8
-64.8
-64.8
-64.8
-64.8
-64.8
-64.8
-64.8
-64.8
-64.8
-64.8
-64.8
-64.8
-64.8
-64.8
-64.8
-64.8
-64.8
-64.8
-64.8
-64.8
-64.8
-64.8
-64.8
-64.8
-64.8
-64.8
-64.8
-64.8
-64.8
-64.8
-64.8
-64.8
-64.8
-64.8
-64.8
-64.8
-64.8
-64.8
-64.8
-64.8
-64.8
-64.8
-64.8
-64.8
-64.8
-64.8
-64.8
-64.8
-64.8
-64.8
-64.8
-64.8
-64.8
-64.8
-64.8
-64.8
-64.8
-64.8
-64.8
-64.8
-64.8
-64.8
-64.8
-64.8
-64.8
-64.8
-64.8
-64.8
-64.8
-64.8
-64.8
-64.8
-64.8
-64.8
-64.8
-64.8
-64.8
-64.8
-64.8
-64.8
-64.8
-64.8
-64.8
-64.8
-64.8
-64.8
-64.8
-64.8
-64.8
-64.8
-64.8
-64.8
-64.8
-64.8
-64.8
-64.8
-64.8
-64.8
-64.8
-64.8
-64.8
-64.8
-64.8
-64.8
-64.8
-64.8
-64.8
-64.8
-64.8
-64.8
-64.8
-64.8
-64.8
-64.8
-64.8
-64.8
-64.8
-64.8
-64.8
-64.8
-64.8
-64.8
-64.8
-64.8
-64.8
-64.8
-64.8
-64.8
-64.8
-64.8
-64.8
-64.8
-64.8
-64.8
-64.8
-64.8
-64.8
-64.8
-64.8
-64.8
-64.8
-64.8
-64.8
-64.8
-64.8
-63.5
-62.3
-61.5
-60.8
-60.2
-59.8
-59.4
-59.0
-58.7
-58.3
-57.9
-57.4
-56.7
-55.5
-51.6
-13.8
-85.5
-84.9
-83.8
-82.9
-82.0
-81.1
-80.3
-79.6
-78.8
-78.1
-77.5
-76.9
-76.3
-75.7
-75.2
-74.7
-74.2
-73.8
-73.3
-72.9
-72.5
-72.2
-71.8
-71.5
-71.2
-70.9
-70.6
-70.3
-70.1
-69.8
-69.6
-69.3
-69.1
-68.9
-68.7
-68.6
-68.4
-68.2
-68.1
-67.9
-67.8
-67.6
-67.5
-67.4
-67.3
-67.1
-67.0
-66.9
-66.8
-66.7
-66.7
-66.6
-66.5
-66.4
-66.3
-66.3
-66.2
-66.1
-66.1
-66.0
-66.0
-65.9
-65.9
-65.8
-65.8
-65.7
-65.7
-65.6
-65.6
-65.6
-65.5
-65.5
-65.5
-65.4
-65.4
-65.4
-65.4
-65.3
-65.3
-65.3
-65.3
-65.2
-65.2
-65.2
-65.2
-65.2
-65.1
-65.1
-65.1
-65.1
-65.1
-65.1
-65.1
-65.0
-65.0
-65.0
-65.0
-65.0
-65.0
-65.0
-65.0
-65.0
-65.0
-64.9
-64.9
-64.9
-64.9
-64.9
-64.9
-64.9
-64.9
-64.9
-64.9
-64.9
-64.9
-64.9
-64.9
-64.9
-64.9
-64.9
-64.9
-64.8
-64.8
-64.8
-64.8
-64.8
-64.8
-64.8
-64.8
-64.8
-64.8
-64.8
-64.8
-64.8
-64.8
-64.8
-64.8
-64.8
-64.8
-64.8
-64.8
-64.8
-64.8
-64.8
-64.8
-64.8
-64.8
-64.8
