-65.0
-65.0
-65.0
-65.0
-65.0
-64.9
-64.9
-64.9
-64.9
-64.9
-64.9
-64.9
-64.9
-64.9
-64.9
-64.8
-64.8
-64.8
-64.8
-64.8
-64.8
-64.8
-64.8
-64.8
-64.7
-64.7
-64.7
-64.7
-64.7
-64.7
-64.7
-64.7
-64.7
-64.7
-64.7
-64.6
-64.6
-64.6
-64.6
-64.6
-64.6
-64.6
-64.6
-64.6
-64.6
-64.5
-64.5
-64.5
-64.5
-64.5
-64.5
-64.5
-64.5
-64.5
-64.5
-64.5
-64.5
-64.4
-64.4
-64.4
-64.4
-64.4
-64.4
-64.4
-64.4
-64.4
-64.4
-64.4
-64.4
-64.3
-64.3
-64.3
-64.3
-64.3
-64.3
-64.3
-64.3
-64.3
-64.3
-64.3
-64.3
-64.2
-64.2
-64.2
-64.2
-64.2
-64.2
-64.2
-64.2
-64.2
-64.2
-64.2
-64.2
-64.2
-64.1
-64.1
-64.1
-64.1
-64.1
-64.1
-64.1
-64.1
-64.1
-64.1
-64.1
-64.1
-64.1
-64.1
-64.0
-64.0
-64.0
-64.0
-64.0
-64.0
-64.0
-64.0
-64.0
-64.0
-64.0
-64.0
-64.0
-64.0
-63.9
-63.9
-63.9
-63.9
-63.9
-63.9
-63.9
-63.9
-63.9
-63.9
-63.9
-63.9
-63.9
-63.9
-63.9
-63.9
-63.8
-63.8
-63.8
-63.8
-63.8
-63.8
-63.8
-63.8
-63.8
-63.8
-63.8
-63.8
-63.8
-63.8
-63.8
-63.8
-63.7
-63.7
-63.7
-63.7
-63.7
-63.7
-63.7
-63.7
-63.7
-63.7
-63.7
-63.7
-63.7
-63.7
-63.7
-63.7
-63.7
-63.6
-63.6
-63.6
-63.6
-63.6
-63.6
-63.6
-63.6
-63.6
-63.6
-63.6
-63.6
-63.6
-63.6
-63.6
-63.6
-63.6
-63.6
-63.6
-63.5
-63.5
-63.5
-63.5
-63.5
-63.5
-63.5
-63.5
-63.5
-63.5
-63.5
-63.5
-63.5
-63.5
-63.5
-63.5
-63.5
-63.5
-63.5
-63.5
-63.4
-63.4
-63.4
-63.4
-63.4
-63.4
-63.4
-63.4
-63.4
-63.4
-63.4
-63.4
-63.4
-63.4
-63.4
-63.4
-63.4
-63.4
-63.4
-63.4
-63.4
-63.3
-63.3
-63.3
-63.3
-63.3
-63.3
-63.3
-63.3
-63.3
-63.3
-63.3
-63.3
-63.3
-63.3
-63.3
-63.3
-63.3
-63.3
-63.3
-63.3
-63.3
-63.3
-63.3
-63.2
-63.2
-63.2
-63.2
-63.2
-63.2
-63.2
-63.2
-63.2
-63.2
-63.2
-63.2
-63.2
-63.2
-63.2
-63.2
-63.2
-63.2
-63.2
-63.2
-63.2
-63.2
-63.2
-63.2
-63.1
-63.1
-63.1
-63.1
-63.1
-63.1
-63.1
-63.1
-63.1
-63.1
-63.1
-63.1
-63.1
-63.1
-63.1
-63.1
-63.1
-63.1
-63.1
-63.1
-63.1
-63.1
-63.1
-63.1
-63.1
-63.1
-63.1
-63.0
-63.0
-63.0
-63.0
-63.0
-63.0
-63.0
-63.0
-63.0
-63.0
-63.0
-63.0
-63.0
-63.0
-63.0
-63.0
-63.0
-63.0
-63.0
-63.0
-63.0
-63.0
-63.0
-63.0
-63.0
-63.0
-63.0
-63.0
-63.0
-62.9
-62.9
-62.9
-62.9
-62.9
-62.9
-62.9
-62.9
-62.9
-62.9
-62.9
-62.9
-62.9
-62.9
-62.9
-62.9
-62.9
-62.9
-62.9
-62.9
-62.9
-62.9
-62.9
-62.9
-62.9
-62.9
-62.9
-62.9
-62.9
-62.9
-62.9
-62.9
-62.8
-62.8
-62.8
-62.8
-62.8
-62.8
-62.8
-62.8
-62.8
-62.8
-62.8
-62.8
-62.8
-62.8
-62.8
-62.8
-62.8
-62.8
-62.8
-62.8
-62.8
-62.8
-62.8
-62.8
-62.8
-62.8
-62.8
-62.8
-62.8
-62.8
-62.8
-62.8
-62.8
-62.8
-62.7
-62.7
-62.7
-62.7
-62.7
-62.7
-62.7
-62.7
-62.7
-62.7
-62.7
-62.7
-62.7
-62.7
-62.7
-62.7
-62.7
-62.7
-62.7
-62.7
-62.7
-62.7
-62.7
-62.7
-62.7
-62.7
-62.7
-62.7
-62.7
-62.7
-62.7
-62.7
-62.7
-62.7
-62.7
-62.7
-62.7
-62.7
-62.6
-62.6
-62.6
-62.6
-62.6
-62.6
-62.6
-62.6
-62.6
-62.6
-62.6
-62.6
-62.6
-62.6
-62.6
-62.6
-62.6
-62.6
-62.6
-62.6
-62.6
-62.6
-62.6
-62.6
-62.6
-62.6
-62.6
-62.6
-62.6
-62.6
-62.6
-62.6
-62.6
-62.6
-62.6
-62.6
-62.6
-62.6
-62.6
-62.6
-62.6
-62.6
-62.5
-62.5
-62.5
-62.5
-62.5
-62.5
-62.5
-62.5
-62.5
-62.5
-62.5
-62.5
-62.5
-62.5
-62.5
-62.5
-62.5
-62.5
-62.5
-62.5
-62.5
-62.5
-62.5
-62.5
-62.5
-62.5
-62.5
-62.5
-62.5
-62.5
-62.5
-62.5
-62.5
-62.5
-62.5
-62.5
-62.5
-62.5
-62.5
-62.5
-62.5
-62.5
-62.5
-62.5
-62.5
-62.5
-62.4
-62.4
-62.4
-62.4
-62.4
-62.4
-62.4
-62.4
-62.4
-62.4
-62.4
-62.4
-62.4
-62.4
-62.4
-62.4
-62.4
-62.4
-62.4
-62.4
-62.4
-62.4
-62.4
-62.4
-62.4
-62.4
-62.4
-62.4
-62.4
-62.4
-62.4
-62.4
-62.4
-62.4
-62.4
-62.4
-62.4
-62.4
-62.4
-62.4
-62.4
-62.4
-62.4
-62.4
-62.4
-62.4
-62.4
-62.4
-62.4
-62.4
-62.4
-62.4
-62.3
-62.3
-62.3
-62.3
-62.3
-62.3
-62.3
-62.3
-62.3
-62.3
-62.3
-62.3
-62.3
-62.3
-62.3
-62.3
-62.3
-62.3
-62.3
-62.3
-62.3
-62.3
-62.3
-62.3
-62.3
-62.3
-62.3
-62.3
-62.3
-62.3
-62.3
-62.3
-62.3
-62.3
-62.3
-62.3
-62.3
-62.3
-62.3
-62.3
-62.3
-62.3
-62.3
-62.3
-62.3
-62.3
-62.3
-62.3
-62.3
-62.3
-62.3
-62.3
-62.3
-62.3
-62.3
-62.3
-62.3
-62.2
-62.2
-62.2
-62.2
-62.2
-62.2
-62.2
-62.2
-62.2
-62.2
-62.2
-62.2
-62.2
-62.2
-62.2
-62.2
-62.2
-62.2
-62.2
-62.2
-62.2
-62.2
-62.2
-62.2
-62.2
-62.2
-62.2
-62.2
-62.2
-62.2
-62.2
-62.2
-62.2
-62.2
-62.2
-62.2
-62.2
-62.2
-62.2
-62.2
-62.2
-62.2
-62.2
-62.2
-62.2
-62.2
-62.2
-62.2
-62.2
-62.2
-62.2
-62.2
-62.2
-62.2
-62.2
-62.2
-62.2
-62.2
-62.2
-62.2
-62.2
-62.2
-62.2
-62.2
-62.1
-62.1
-62.1
-62.1
-62.1
-62.1
-62.1
-62.1
-62.1
-62.1
-62.1
-62.1
-62.1
-62.1
-62.1
-62.1
-62.1
-62.1
-62.1
-62.1
-62.1
-62.1
-62.1
-62.1
-62.1
-62.1
-62.1
-62.1
-62.1
-62.1
-62.1
-62.1
-62.1
-62.1
-62.1
-62.1
-62.1
-62.1
-62.1
-62.1
-62.1
-62.1
-62.1
-62.1
-62.1
-62.1
-62.1
-62.1
-62.1
-62.1
-62.1
-62.1
-62.1
-62.1
-62.1
-62.1
-62.1
-62.1
-62.1
-62.1
-62.1
-62.1
-62.1
-62.1
-62.1
-62.1
-62.1
-62.1
-62.1
-62.1
-62.1
-62.0
-62.0
-62.0
-62.0
-62.0
-62.0
-62.0
-62.0
-62.0
-62.0
-62.0
-62.0
-62.0
-62.0
-62.0
-62.0
-62.0
-62.0
-62.0
-62.0
-62.0
-62.0
-62.0
-62.0
-62.0
-62.0
-62.0
-62.0
-62.0
-62.0
-62.0
-62.0
-62.0
-62.0
-62.0
-62.0
-62.0
-62.0
-62.0
-62.0
-62.0
-62.0
-62.0
-62.0
-62.0
-62.0
-62.0
-62.0
-62.0
-62.0
-62.0
-62.0
-62.0
-62.0
-62.0
-62.0
-62.0
-62.0
-62.0
-62.0
-62.0
-62.0
-62.0
-62.0
-62.0
-62.0
-62.0
-62.0
-62.0
-62.0
-62.0
-62.0
-62.0
-62.0
-62.0
-62.0
-62.0
-62.0
-62.0
-61.9
-61.9
-61.9
-61.9
-61.9
-61.9
-61.9
-61.9
-61.9
-61.9
-61.9
-61.9
-61.9
-61.9
-61.9
-61.9
-61.9
-61.9
-61.9
-61.9
-61.9
-61.9
-61.9
-61.9
-61.9
-61.9
-61.9
-61.9
-61.9
-61.9
-61.9
-61.9
-61.9
-61.9
-61.9
-61.9
-61.9
-61.9
-61.9
-61.9
-61.9
-61.9
-61.9
-61.9
-61.9
-61.9
-61.9
-61.9
-61.9
-61.9
-61.9
-61.9
-61.9
-61.9
-61.9
-61.9
-61.9
-61.9
-61.9
-61.9
-61.9
-61.9
-61.9
-61.9
-61.9
-61.9
-61.9
-61.9
-61.9
-61.9
-61.9
-61.9
-61.9
-61.9
-61.9
-61.9
-61.9
-61.9
-61.9
-61.9
-61.9
-61.9
-61.9
-61.9
-61.9
-61.9
-61.9
-61.8
-61.8
-61.8
-61.8
-61.8
-61.8
-61.8
-61.8
-61.8
-61.8
-61.8
-61.8
-61.8
-61.8
-61.8
-61.8
-61.8
-61.8
-61.8
-61.8
-61.8
-61.8
-61.8
-61.8
-61.8
-61.8
-61.8
-61.8
-61.8
-61.8
-61.8
-61.8
-61.8
-61.8
-61.8
-61.8
-61.8
-61.8
-61.8
-61.8
-61.8
-61.8
-61.8
-61.8
-61.8
-61.8
-61.8
-61.8
-61.8
-61.8
-61.8
-61.8
-61.8
-61.8
-61.8
-61.8
-61.8
-61.8
-61.8
-61.8
-61.8
-61.8
-61.8
-61.8
-61.8
-61.8
-61.8
-61.8
-61.8
-61.8
-61.8
-61.8
-61.8
-61.8
-61.8
-61.8
-61.8
-61.8
-61.8
-61.8
-61.8
-61.8
-61.8
-61.8
-61.8
-61.8
-61.8
-61.8
-61.8
-61.8
-61.8
-61.8
-61.8
-61.8
-61.8
-61.8
-61.7
-61.7
-61.7
-61.7
-61.7
-61.7
-61.7
-61.7
-61.7
-61.7
-61.7
-61.7
-61.7
-61.7
-61.7
-61.7
-61.7
-61.7
-61.7
-61.7
-61.7
-61.7
-61.7
-61.7
-61.7
-61.7
-61.7
-61.7
-61.7
-61.7
-61.7
-61.7
-61.7
-61.7
-61.7
-61.7
-61.7
-61.7
-61.7
-61.7
-61.7
-61.7
-61.7
-61.7
-61.7
-61.7
-61.7
-61.7
-61.7
-61.7
-61.7
-61.7
-61.7
-61.7
-61.7
-61.7
-61.7
-61.7
-61.7
-61.7
-61.7
-61.7
-61.7
-61.7
-61.7
-61.7
-61.7
-61.7
-61.7
-61.7
-61.7
-61.7
-61.7
-61.7
-61.7
-61.7
-61.7
-61.7
-61.7
-61.7
-61.7
-61.7
-61.7
-61.7
-61.7
-61.7
-61.7
-61.7
-61.7
-61.7
-61.7
-61.7
-61.7
-61.7
-61.7
-61.7
-61.7
-61.7
-61.7
-61.7
-61.7
-61.7
-61.6
-61.6
-61.6
-61.6
-61.6
-61.6
-61.6
-61.6
-61.6
-61.6
-61.6
-61.6
-61.6
-61.6
-61.6
-61.6
-61.6
-61.6
-61.6
-61.6
-61.6
-61.6
-61.6
-61.6
-61.6
-61.6
-61.6
-61.6
-61.6
-61.6
-61.6
-61.6
-61.6
-61.6
-61.6
-61.6
-61.6
-61.6
-61.6
-61.6
-61.6
-61.6
-61.6
-61.6
-61.6
-61.6
-61.6
-61.6
-61.6
-61.6
-61.6
-61.6
-61.6
-61.6
-61.6
-61.6
-61.6
-61.6
-61.6
-61.6
-61.6
-61.6
-61.6
-61.6
-61.6
-61.6
-61.6
-61.6
-61.6
-61.6
-61.6
-61.6
-61.6
-61.6
-61.6
-61.6
-61.6
-61.6
-61.6
-61.6
-61.6
-61.6
-61.6
-61.6
-61.6
-61.6
-61.6
-61.6
-61.6
-61.6
-61.6
-61.6
-61.6
-61.6
-61.6
-61.6
-61.6
-61.6
-61.6
-61.6
-61.6
-61.6
-61.6
-61.6
-61.6
-61.6
-61.6
-61.5
-61.5
-61.5
-61.5
-61.5
-61.5
-61.5
-61.5
-61.5
-61.5
-61.5
-61.5
-61.5
-61.5
-61.5
-61.5
-61.5
-61.5
-61.5
-61.5
-61.5
-61.5
-61.5
-61.5
-61.5
-61.5
-61.5
-61.5
-61.5
-61.5
-61.5
-61.5
-61.5
-61.5
-61.5
-61.5
-61.5
-61.5
-61.5
-61.5
-61.5
-61.5
-61.5
-61.5
-61.5
-61.5
-61.5
-61.5
-61.5
-61.5
-61.5
-61.5
-61.5
-61.5
-61.5
-61.5
-61.5
-61.5
-61.5
-61.5
-61.5
-61.5
-61.5
-61.5
-61.5
-61.5
-61.5
-61.5
-61.5
-61.5
-61.5
-61.5
-61.5
-61.5
-61.5
-61.5
-61.5
-61.5
-61.5
-61.5
-61.5
-61.5
-61.5
-61.5
-61.5
-61.5
-61.5
-61.5
-61.5
-61.5
-61.5
-61.5
-61.5
-61.5
-61.5
-61.5
-61.5
-61.5
-61.5
-61.5
-61.5
-61.5
-61.5
-61.5
-61.5
-61.5
-61.5
-61.5
-61.5
-61.5
-61.4
-61.4
-61.4
-61.4
-61.4
-61.4
-61.4
-61.4
-61.4
-61.4
-61.4
-61.4
-61.4
-61.4
-61.4
-61.4
-61.4
-61.4
-61.4
-61.4
-61.4
-61.4
-61.4
-61.4
-61.4
-61.4
-61.4
-61.4
-61.4
-61.4
-61.4
-61.4
-61.4
-61.4
-61.4
-61.4
-61.4
-61.4
-61.4
-61.4
-61.4
-61.4
-61.4
-61.4
-61.4
-61.4
-61.4
-61.4
-61.4
-61.4
-61.4
-61.4
-61.4
-61.4
-61.4
-61.4
-61.4
-61.4
-61.4
-61.4
-61.4
-61.4
-61.4
-61.4
-61.4
-61.4
-61.4
-61.4
-61.4
-61.4
-61.4
-61.4
-61.4
-61.4
-61.4
-61.4
-61.4
-61.4
-61.4
-61.4
-61.4
-61.4
-61.4
-61.4
-61.4
-61.4
-61.4
-61.4
-61.4
-61.4
-61.4
-61.4
-61.4
-61.4
-61.4
-61.4
-61.4
-61.4
-61.4
-61.4
-61.4
-61.4
-61.4
-61.4
-61.4
-61.4
-61.4
-61.4
-61.4
-61.4
-61.3
-61.3
-61.3
-61.3
-61.3
-61.3
-61.3
-61.3
-61.3
-61.3
-61.3
-61.3
-61.3
-61.3
-61.3
-61.3
-61.3
-61.3
-61.3
-61.3
-61.3
-61.3
-61.3
-61.3
-61.3
-61.3
-61.3
-61.3
-61.3
-61.3
-61.3
-61.3
-61.3
-61.3
-61.3
-61.3
-61.3
-61.3
-61.3
-61.3
-61.3
-61.3
-61.3
-61.3
-61.3
-61.3
-61.3
-61.3
-61.3
-61.3
-61.3
-61.3
-61.3
-61.3
-61.3
-61.3
-61.3
-61.3
-61.3
-61.3
-61.3
-61.3
-61.3
-61.3
-61.3
-61.3
-61.3
-61.3
-61.3
-61.3
-61.3
-61.3
-61.3
-61.3
-61.3
-61.3
-61.3
-61.3
-61.3
-61.3
-61.3
-61.3
-61.3
-61.3
-61.3
-61.3
-61.3
-61.3
-61.3
-61.3
-61.3
-61.3
-61.3
-61.3
-61.3
-61.3
-61.3
-61.3
-61.3
-61.3
-61.3
-61.3
-61.3
-61.3
-61.3
-61.2
-61.2
-61.2
-61.2
-61.2
-61.2
-61.2
-61.2
-61.2
-61.2
-61.2
-61.2
-61.2
-61.2
-61.2
-61.2
-61.2
-61.2
-61.2
-61.2
-61.2
-61.2
-61.2
-61.2
-61.2
-61.2
-61.2
-61.2
-61.2
-61.2
-61.2
-61.2
-61.2
-61.2
-61.2
-61.2
-61.2
-61.2
-61.2
-61.2
-61.2
-61.2
-61.2
-61.2
-61.2
-61.2
-61.2
-61.2
-61.2
-61.2
-61.2
-61.2
-61.2
-61.2
-61.2
-61.2
-61.2
-61.2
-61.2
-61.2
-61.2
-61.2
-61.2
-61.2
-61.2
-61.2
-61.2
-61.2
-61.2
-61.2
-61.2
-61.2
-61.2
-61.2
-61.2
-61.2
-61.2
-61.2
-61.2
-61.2
-61.2
-61.2
-61.2
-61.2
-61.2
-61.2
-61.2
-61.2
-61.2
-61.2
-61.2
-61.2
-61.2
-61.2
-61.2
-61.2
-61.2
-61.2
-61.2
-61.1
-61.1
-61.1
-61.1
-61.1
-61.1
-61.1
-61.1
-61.1
-61.1
-61.1
-61.1
-61.1
-61.1
-61.1
-61.1
-61.1
-61.1
-61.1
-61.1
-61.1
-61.1
-61.1
-61.1
-61.1
-61.1
-61.1
-61.1
-61.1
-61.1
-61.1
-61.1
-61.1
-61.1
-61.1
-61.1
-61.1
-61.1
-61.1
-61.1
-61.1
-61.1
-61.1
-61.1
-61.1
-61.1
-61.1
-61.1
-61.1
-61.1
-61.1
-61.1
-61.1
-61.1
-61.1
-61.1
-61.1
-61.1
-61.1
-61.1
-61.1
-61.1
-61.1
-61.1
-61.1
-61.1
-61.1
-61.1
-61.1
-61.1
-61.1
-61.1
-61.1
-61.1
-61.1
-61.1
-61.1
-61.1
-61.1
-61.1
-61.1
-61.1
-61.1
-61.1
-61.1
-61.1
-61.1
-61.1
-61.1
-61.0
-61.0
-61.0
-61.0
-61.0
-61.0
-61.0
-61.0
-61.0
-61.0
-61.0
-61.0
-61.0
-61.0
-61.0
-61.0
-61.0
-61.0
-61.0
-61.0
-61.0
-61.0
-61.0
-61.0
-61.0
-61.0
-61.0
-61.0
-61.0
-61.0
-61.0
-61.0
-61.0
-61.0
-61.0
-61.0
-61.0
-61.0
-61.0
-61.0
-61.0
-61.0
-61.0
-61.0
-61.0
-61.0
-61.0
-61.0
-61.0
-61.0
-61.0
-61.0
-61.0
-61.0
-61.0
-61.0
-61.0
-61.0
-61.0
-61.0
-61.0
-61.0
-61.0
-61.0
-61.0
-61.0
-61.0
-61.0
-61.0
-61.0
-61.0
-61.0
-61.0
-61.0
-61.0
-61.0
-61.0
-61.0
-61.0
-61.0
-61.0
-60.9
-60.9
-60.9
-60.9
-60.9
-60.9
-60.9
-60.9
-60.9
-60.9
-60.9
-60.9
-60.9
-60.9
-60.9
-60.9
-60.9
-60.9
-60.9
-60.9
-60.9
-60.9
-60.9
-60.9
-60.9
-60.9
-60.9
-60.9
-60.9
-60.9
-60.9
-60.9
-60.9
-60.9
-60.9
-60.9
-60.9
-60.9
-60.9
-60.9
-60.9
-60.9
-60.9
-60.9
-60.9
-60.9
-60.9
-60.9
-60.9
-60.9
-60.9
-60.9
-60.9
-60.9
-60.9
-60.9
-60.9
-60.9
-60.9
-60.9
-60.9
-60.9
-60.9
-60.9
-60.9
-60.9
-60.9
-60.9
-60.9
-60.9
-60.8
-60.8
-60.8
-60.8
-60.8
-60.8
-60.8
-60.8
-60.8
-60.8
-60.8
-60.8
-60.8
-60.8
-60.8
-60.8
-60.8
-60.8
-60.8
-60.8
-60.8
-60.8
-60.8
-60.8
-60.8
-60.8
-60.8
-60.8
-60.8
-60.8
-60.8
-60.8
-60.8
-60.8
-60.8
-60.8
-60.8
-60.8
-60.8
-60.8
-60.8
-60.8
-60.8
-60.8
-60.8
-60.8
-60.8
-60.8
-60.8
-60.8
-60.8
-60.8
-60.8
-60.8
-60.8
-60.8
-60.8
-60.8
-60.8
-60.8
-60.8
-60.8
-60.7
-60.7
-60.7
-60.7
-60.7
-60.7
-60.7
-60.7
-60.7
-60.7
-60.7
-60.7
-60.7
-60.7
-60.7
-60.7
-60.7
-60.7
-60.7
-60.7
-60.7
-60.7
-60.7
-60.7
-60.7
-60.7
-60.7
-60.7
-60.7
-60.7
-60.7
-60.7
-60.7
-60.7
-60.7
-60.7
-60.7
-60.7
-60.7
-60.7
-60.7
-60.7
-60.7
-60.7
-60.7
-60.7
-60.7
-60.7
-60.7
-60.7
-60.7
-60.7
-60.7
-60.6
-60.6
-60.6
-60.6
-60.6
-60.6
-60.6
-60.6
-60.6
-60.6
-60.6
-60.6
-60.6
-60.6
-60.6
-60.6
-60.6
-60.6
-60.6
-60.6
-60.6
-60.6
-60.6
-60.6
-60.6
-60.6
-60.6
-60.6
-60.6
-60.6
-60.6
-60.6
-60.6
-60.6
-60.6
-60.6
-60.6
-60.6
-60.6
-60.6
-60.6
-60.6
-60.6
-60.6
-60.6
-60.6
-60.6
-60.5
-60.5
-60.5
-60.5
-60.5
-60.5
-60.5
-60.5
-60.5
-60.5
-60.5
-60.5
-60.5
-60.5
-60.5
-60.5
-60.5
-60.5
-60.5
-60.5
-60.5
-60.5
-60.5
-60.5
-60.5
-60.5
-60.5
-60.5
-60.5
-60.5
-60.5
-60.5
-60.5
-60.5
-60.5
-60.5
-60.5
-60.5
-60.5
-60.5
-60.4
-60.4
-60.4
-60.4
-60.4
-60.4
-60.4
-60.4
-60.4
-60.4
-60.4
-60.4
-60.4
-60.4
-60.4
-60.4
-60.4
-60.4
-60.4
-60.4
-60.4
-60.4
-60.4
-60.4
-60.4
-60.4
-60.4
-60.4
-60.4
-60.4
-60.4
-60.4
-60.4
-60.4
-60.3
-60.3
-60.3
-60.3
-60.3
-60.3
-60.3
-60.3
-60.3
-60.3
-60.3
-60.3
-60.3
-60.3
-60.3
-60.3
-60.3
-60.3
-60.3
-60.3
-60.3
-60.3
-60.3
-60.3
-60.3
-60.3
-60.3
-60.3
-60.3
-60.3
-60.3
-60.2
-60.2
-60.2
-60.2
-60.2
-60.2
-60.2
-60.2
-60.2
-60.2
-60.2
-60.2
-60.2
-60.2
-60.2
-60.2
-60.2
-60.2
-60.2
-60.2
-60.2
-60.2
-60.2
-60.2
-60.2
-60.2
-60.1
-60.1
-60.1
-60.1
-60.1
-60.1
-60.1
-60.1
-60.1
-60.1
-60.1
-60.1
-60.1
-60.1
-60.1
-60.1
-60.1
-60.1
-60.1
-60.1
-60.1
-60.1
-60.1
-60.0
-60.0
-60.0
-60.0
-60.0
-60.0
-60.0
-60.0
-60.0
-60.0
-60.0
-60.0
-60.0
-60.0
-60.0
-60.0
-60.0
-60.0
-60.0
-60.0
-59.9
-59.9
-59.9
-59.9
-59.9
-59.9
-59.9
-59.9
-59.9
-59.9
-59.9
-59.9
-59.9
-59.9
-59.9
-59.9
-59.9
-59.9
-59.8
-59.8
-59.8
-59.8
-59.8
-59.8
-59.8
-59.8
-59.8
-59.8
-59.8
-59.8
-59.8
-59.8
-59.8
-59.8
-59.7
-59.7
-59.7
-59.7
-59.7
-59.7
-59.7
-59.7
-59.7
-59.7
-59.7
-59.7
-59.7
-59.7
-59.6
-59.6
-59.6
-59.6
-59.6
-59.6
-59.6
-59.6
-59.6
-59.6
-59.6
-59.6
-59.6
-59.5
-59.5
-59.5
-59.5
-59.5
-59.5
-59.5
-59.5
-59.5
-59.5
-59.5
-59.4
-59.4
-59.4
-59.4
-59.4
-59.4
-59.4
-59.4
-59.4
-59.4
-59.3
-59.3
-59.3
-59.3
-59.3
-59.3
-59.3
-59.3
-59.3
-59.2
-59.2
-59.2
-59.2
-59.2
-59.2
-59.2
-59.2
-59.1
-59.1
-59.1
-59.1
-59.1
-59.1
-59.1
-59.1
-59.0
-59.0
-59.0
-59.0
-59.0
-59.0
-58.9
-58.9
-58.9
-58.9
-58.9
-58.9
-58.8
-58.8
-58.8
-58.8
-58.8
-58.8
-58.7
-58.7
-58.7
-58.7
-58.7
-58.6
-58.6
-58.6
-58.6
-58.6
-58.5
-58.5
-58.5
-58.5
-58.4
-58.4
-58.4
-58.4
-58.3
-58.3
-58.3
-58.3
-58.2
-58.2
-58.2
-58.1
-58.1
-58.1
-58.0
-58.0
-58.0
-57.9
-57.9
-57.9
-57.8
-57.8
-57.7
-57.7
-57.6
-57.6
-57.5
-57.5
-57.4
-57.4
-57.3
-57.3
-57.2
-57.2
-57.1
-57.0
-56.9
-56.9
-56.8
-56.7
-56.6
-56.5
-56.4
-56.3
-56.2
-56.1
-56.0
-55.8
-55.7
-55.5
-55.3
-55.1
-54.9
-54.6
-54.3
-54.0
-53.6
-53.1
-52.5
-51.7
-50.6
-48.8
-45.3
-33.9
31.7
47.2
39.3
24.7
6.4
-11.5
-27.3
-42.7
-61.1
-73.6
-78.5
-80.1
-80.1
-79.4
-78.1
-76.4
-74.5
-72.4
-70.2
-67.8
-65.4
-62.9
-60.5
-58.0
-55.5
-53.0
-50.3
-47.0
-41.2
-19.9
38.8
40.9
27.1
8.1
-10.7
-26.7
-41.1
-57.2
-68.5
-72.9
-73.6
-72.7
-70.9
-68.5
-65.9
-63.0
-60.1
-57.2
-54.3
-51.4
-48.4
-44.6
-37.5
-11.8
33.1
30.8
13.3
-6.3
-23.4
-37.5
-52.0
-63.7
-69.1
-70.4
-69.5
-67.6
-65.2
-62.4
-59.5
-56.5
-53.5
-50.6
-47.5
-43.5
-35.9
-9.1
29.4
25.6
7.4
-11.8
-27.8
-41.4
-55.3
-64.8
-68.4
-68.6
-67.2
-65.0
-62.3
-59.4
-56.4
-53.4
-50.4
-47.4
-43.5
-36.5
-13.9
24.8
24.3
6.9
-12.2
-28.1
-41.5
-54.9
-64.0
-67.4
-67.5
-66.0
-63.7
-61.0
-58.0
-55.0
-52.1
-49.1
-45.9
-41.3
-31.4
1.1
26.6
17.3
-1.6
-19.5
-33.8
-47.0
-58.9
-65.3
-67.0
-66.3
-64.3
-61.8
-58.9
-56.0
-53.0
-50.1
-47.0
-43.1
-36.2
-14.4
21.6
21.6
4.5
-14.3
-29.5
-42.7
-55.4
-63.5
-66.3
-66.2
-64.5
-62.1
-59.3
-56.4
-53.4
-50.5
-47.4
-43.8
-37.9
-21.2
16.2
23.1
7.7
-11.2
-27.2
-40.3
-53.2
-62.3
-65.9
-66.1
-64.6
-62.3
-59.5
-56.6
-53.7
-50.7
-47.7
-44.2
-38.6
-23.9
12.8
23.5
9.3
-9.7
-25.9
-39.1
-52.1
-61.7
-65.6
-66.0
-64.6
-62.3
-59.6
-56.7
-53.7
-50.8
-47.8
-44.3
-38.9
-24.9
11.3
23.4
9.7
-9.2
-25.5
-38.8
-51.7
-61.4
-65.4
-65.9
-64.5
-62.2
-59.5
-56.6
-53.7
-50.7
-47.7
-44.2
-38.8
-24.6
11.4
23.2
9.4
-9.5
-25.8
-39.0
-51.8
-61.4
-65.4
-65.8
-64.4
-62.1
-59.4
-56.5
-53.5
-50.6
-47.6
-44.1
-38.5
-23.7
12.5
22.8
8.6
-10.2
-26.4
-39.6
-52.3
-61.7
-65.4
-65.7
-64.2
-61.9
-59.2
-56.3
-53.3
-50.4
-47.4
-43.8
-37.9
-22.1
14.1
22.2
7.3
-11.4
-27.3
-40.4
-53.0
-61.9
-65.4
-65.6
-64.1
-61.7
-59.0
-56.0
-53.1
-50.2
-47.1
-43.5
-37.3
-20.1
15.9
21.5
6.0
-12.7
-28.4
-41.4
-53.9
-62.4
-65.5
-65.5
-63.9
-61.5
-58.7
-55.8
-52.8
-49.9
-46.8
-43.1
-36.5
-17.4
17.9
20.6
4.3
-14.2
-29.4
-42.4
-54.8
-62.8
-65.6
-65.4
-63.7
-61.3
-58.5
-55.5
-52.6
-49.6
-46.5
-42.7
-35.6
-14.4
19.7
19.6
2.7
-15.7
-30.7
-43.6
-55.7
-63.2
-65.6
-65.3
-63.5
-61.0
-58.2
-55.3
-52.3
-49.4
-46.2
-42.2
-34.6
-11.1
21.2
18.5
1.0
-17.2
-31.8
-44.7
-56.7
-63.7
-65.7
-65.2
-63.3
-60.8
-58.0
-55.0
-52.1
-49.1
-45.9
-41.7
-33.4
-7.4
22.2
17.1
-0.9
-18.8
-33.0
-46.0
-57.7
-64.1
-65.8
-65.0
-63.1
-60.5
-57.7
-54.7
-51.7
-48.8
-45.6
-41.2
-32.0
-3.4
22.9
15.5
-2.8
-20.4
-34.3
-47.3
-58.5
-64.4
-65.8
-64.9
-62.8
-60.2
-57.3
-54.4
-51.4
-48.5
-45.2
-40.6
-30.4
0.7
23.3
13.8
-4.7
-21.9
-35.6
-48.5
-59.3
-64.6
-65.7
-64.7
-62.6
-59.9
-57.1
-54.1
-51.2
-48.2
-44.9
-40.0
-28.6
4.5
23.4
12.2
-6.5
-23.4
-36.9
-49.6
-60.0
-64.9
-65.7
-64.5
-62.4
-59.7
-56.8
-53.8
-50.9
-47.9
-44.5
-39.3
-26.6
8.0
23.1
10.6
-8.2
-24.8
-38.2
-50.9
-60.8
-65.1
-65.6
-64.3
-62.1
-59.4
-56.5
-53.5
-50.6
-47.6
-44.1
-38.6
-24.3
11.4
22.7
8.8
-10.0
-26.2
-39.3
-52.0
-61.4
-65.3
-65.6
-64.2
-61.9
-59.1
-56.2
-53.3
-50.3
-47.3
-43.7
-37.8
-21.8
14.2
21.9
7.0
-11.7
-27.5
-40.6
-53.1
-62.0
-65.4
-65.5
-64.0
-61.6
-58.8
-55.9
-53.0
-50.0
-47.0
-43.3
-37.0
-18.9
16.7
21.0
5.2
-13.4
-28.9
-41.8
-54.3
-62.6
-65.5
-65.4
-63.7
-61.3
-58.5
-55.6
-52.7
-49.7
-46.6
-42.8
-35.9
-15.4
19.1
19.9
3.2
-15.2
-30.3
-43.2
-55.5
-63.1
-65.6
-65.3
-63.5
-61.0
-58.2
-55.3
-52.3
-49.4
-46.3
-42.3
-34.6
-11.3
21.0
18.5
1.0
-17.1
-31.8
-44.6
-56.6
-63.6
-65.7
-65.1
-63.3
-60.8
-57.9
-55.0
-52.0
-49.1
-45.9
-41.7
-33.4
-7.4
22.2
17.0
-0.9
-18.8
-33.1
-46.0
-57.7
-64.0
-65.8
-65.0
-63.1
-60.5
-57.6
-54.7
-51.7
-48.8
-45.6
-41.2
-31.9
-3.2
22.9
15.4
-2.9
-20.5
-34.4
-47.4
-58.6
-64.4
-65.7
-64.8
-62.8
-60.2
-57.3
-54.4
-51.4
-48.5
-45.2
-40.5
-30.2
1.0
23.3
13.7
-4.8
-22.1
-35.7
-48.6
-59.4
-64.6
-65.7
-64.7
-62.6
-59.9
-57.0
-54.1
-51.1
-48.2
-44.8
-39.9
-28.4
4.9
23.3
12.0
-6.7
-23.5
-37.1
-49.7
-60.1
-64.9
-65.7
-64.5
-62.3
-59.6
-56.7
-53.8
-50.9
-47.9
-44.4
-39.2
-26.3
8.5
23.1
10.3
-8.5
-25.0
-38.3
-51.0
-60.9
-65.1
-65.6
-64.3
-62.1
-59.4
-56.4
-53.5
-50.6
-47.5
-44.0
-38.5
-23.9
11.9
22.5
8.5
-10.3
-26.5
-39.6
-52.3
-61.6
-65.3
-65.6
-64.1
-61.8
-59.1
-56.1
-53.2
-50.3
-47.2
-43.6
-37.6
-21.2
14.8
21.7
6.6
-12.1
-27.9
-40.9
-53.4
-62.1
-65.4
-65.5
-63.9
-61.5
-58.8
-55.8
-52.9
-50.0
-46.9
-43.2
-36.7
-18.2
17.3
20.8
4.7
-13.9
-29.3
-42.1
-54.6
-62.7
-65.6
-65.4
-63.7
-61.3
-58.5
-55.5
-52.6
-49.6
-46.6
-42.7
-35.7
-14.7
19.5
19.6
2.8
-15.6
-30.6
-43.5
-55.6
-63.1
-65.6
-65.2
-63.5
-61.0
-58.2
-55.2
-52.3
-49.4
-46.2
-42.2
-34.5
-11.0
21.3
18.4
0.9
-17.2
-31.8
-44.7
-56.7
-63.7
-65.7
-65.2
-63.3
-60.8
-57.9
-55.0
-52.0
-49.1
-45.9
-41.7
-33.3
-7.2
22.3
17.0
-1.0
-18.9
-33.2
-45.9
-57.6
-64.0
-65.8
-65.0
-63.1
-60.5
-57.6
-54.7
-51.7
-48.8
-45.6
-41.2
-31.9
-3.3
22.9
15.5
-2.8
-20.4
-34.3
-47.3
-58.6
-64.4
-65.7
-64.8
-62.8
-60.2
-57.3
-54.4
-51.4
-48.5
-45.2
-40.6
-30.3
0.8
23.3
13.8
-4.7
-22.0
-35.7
-48.5
-59.3
-64.6
-65.7
-64.7
-62.6
-59.9
-57.0
-54.1
-51.1
-48.2
-44.8
-40.0
-28.5
4.6
23.3
12.1
-6.6
-23.5
-37.0
-49.7
-60.1
-64.9
-65.7
-64.5
-62.3
-59.7
-56.8
-53.8
-50.9
-47.9
-44.5
-39.3
-26.5
8.2
23.1
10.4
-8.3
-24.9
-38.2
-51.0
-60.9
-65.1
-65.6
-64.3
-62.1
-59.4
-56.5
-53.5
-50.6
-47.6
-44.1
-38.5
-24.1
11.7
22.6
8.6
-10.2
-26.3
-39.4
-52.2
-61.5
-65.3
-65.6
-64.1
-61.8
-59.1
-56.2
-53.2
-50.3
-47.3
-43.7
-37.7
-21.5
14.5
21.8
6.8
-11.9
-27.7
-40.7
-53.3
-62.1
-65.4
-65.5
-63.9
-61.6
-58.8
-55.9
-52.9
-50.0
-46.9
-43.2
-36.8
-18.5
17.0
20.9
4.9
-13.6
-29.1
-42.0
-54.5
-62.7
-65.6
-65.4
-63.7
-61.3
-58.5
-55.6
-52.6
-49.7
-46.6
-42.7
-35.8
-15.0
19.3
19.8
3.0
-15.4
-30.4
-43.4
-55.6
-63.1
-65.6
-65.3
-63.5
-61.0
-58.2
-55.3
-52.3
-49.4
-46.2
-42.2
-34.5
-10.9
21.4
18.4
0.9
-17.2
-31.8
-44.7
-56.7
-63.7
-65.7
-65.2
-63.3
-60.8
-57.9
-55.0
-52.0
-49.1
-45.9
-41.7
-33.3
-7.2
22.3
17.0
-1.0
-18.8
-33.1
-46.1
-57.7
-64.1
-65.8
-65.0
-63.1
-60.5
-57.6
-54.7
-51.7
-48.8
-45.5
-41.1
-31.9
-3.1
23.0
15.4
-2.9
-20.5
-34.4
-47.4
-58.6
-64.4
-65.7
-64.8
-62.8
-60.2
-57.3
-54.4
-51.4
-48.5
-45.2
-40.5
-30.2
1.0
23.3
13.7
-4.9
-22.1
-35.8
-48.6
-59.4
-64.6
-65.7
-64.7
-62.6
-59.9
-57.0
-54.1
-51.1
-48.2
-44.8
-39.9
-28.4
4.9
23.3
12.0
-6.7
-23.6
-37.1
-49.8
-60.1
-64.9
-65.7
-64.5
-62.3
-59.6
-56.7
-53.8
-50.9
-47.9
-44.4
-39.2
-26.3
8.5
23.1
10.3
-8.5
-25.0
-38.3
-51.1
-60.9
-65.1
-65.6
-64.3
-62.1
-59.4
-56.4
-53.5
-50.6
-47.5
-44.0
-38.5
-23.9
11.9
22.5
8.4
-10.3
-26.5
-39.6
-52.3
-61.6
-65.3
-65.6
-64.1
-61.8
-59.1
-56.1
-53.2
-50.2
-47.2
-43.6
-37.6
-21.1
14.9
21.7
6.5
-12.1
-27.9
-40.9
-53.4
-62.1
-65.4
-65.5
-63.9
-61.5
-58.8
-55.8
-52.9
-49.9
-46.9
-43.2
-36.7
-18.1
17.4
20.7
4.7
-13.9
-29.3
-42.2
-54.6
-62.7
-65.6
-65.4
-63.7
-61.3
-58.5
-55.5
-52.6
-49.6
-46.6
-42.7
-35.7
-14.7
19.5
19.6
2.7
-15.6
-30.7
-43.5
-55.6
-63.1
-65.6
-65.2
-63.5
-61.0
-58.2
-55.2
-52.3
-49.4
-46.2
-42.2
-34.5
-11.0
21.3
18.4
0.9
-17.2
-31.8
-44.7
-56.7
-63.7
-65.7
-65.2
-63.3
-60.8
-57.9
-55.0
-52.0
-49.1
-45.9
-41.7
-33.3
-7.2
22.3
17.0
-1.0
-18.9
-33.2
-45.9
-57.6
-64.0
-65.8
-65.0
-63.1
-60.5
-57.6
-54.7
-51.7
-48.8
-45.6
-41.2
-32.0
-3.3
22.9
15.5
-2.8
-20.4
-34.3
-47.3
-58.5
-64.4
-65.7
-64.8
-62.8
-60.2
-57.3
-54.4
-51.4
-48.5
-45.2
-40.6
-30.3
0.8
23.3
13.8
-4.7
-22.0
-35.7
-48.5
-59.3
-64.6
-65.7
-64.7
-62.6
-59.9
-57.0
-54.1
-51.2
-48.2
-44.8
-40.0
-28.5
4.6
23.3
12.1
-6.6
-23.5
-37.0
-49.7
-60.1
-64.9
-65.7
-64.5
-62.3
-59.7
-56.8
-53.8
-50.9
-47.9
-44.5
-39.3
-26.5
8.2
23.1
10.4
-8.3
-24.9
-38.2
-51.0
-60.9
-65.1
-65.6
-64.3
-62.1
-59.4
-56.5
-53.5
-50.6
-47.6
-44.1
-38.5
-24.1
11.7
22.6
8.6
-10.2
-26.3
-39.4
-52.2
-61.5
-65.3
-65.6
-64.1
-61.8
-59.1
-56.2
-53.2
-50.3
-47.3
-43.7
-37.7
-21.5
14.5
21.8
6.8
-11.9
-27.7
-40.7
-53.3
-62.1
-65.4
-65.5
-63.9
-61.6
-58.8
-55.9
-52.9
-50.0
-46.9
-43.2
-36.8
-18.5
17.0
20.9
4.9
-13.6
-29.1
-42.0
-54.5
-62.7
-65.5
-65.4
-63.7
-61.3
-58.5
-55.6
-52.6
-49.7
-46.6
-42.7
-35.8
-15.0
19.3
19.7
3.0
-15.4
-30.5
-43.4
-55.6
-63.2
-65.6
-65.3
-63.5
-61.0
-58.2
-55.3
-52.3
-49.4
-46.3
-42.2
-34.6
-11.4
20.9
18.4
1.0
-17.2
-31.8
-44.7
-56.6
-63.6
-65.7
-65.1
-63.3
-60.8
-57.9
-55.0
-52.0
-49.1
-45.9
-41.7
-33.4
-7.3
22.2
17.0
-0.9
-18.8
-33.1
-46.0
-57.7
-64.1
-65.8
-65.0
-63.1
-60.5
-57.6
-54.7
-51.7
-48.8
-45.5
-41.1
-31.8
-3.1
22.9
15.3
-3.0
-20.5
-34.4
-47.4
-58.6
-64.4
-65.7
-64.8
-62.8
-60.2
-57.3
-54.3
-51.4
-48.4
-45.2
-40.5
-30.2
1.1
23.3
13.6
-4.9
-22.1
-35.8
-48.6
-59.4
-64.6
-65.7
-64.7
-62.5
-59.9
-57.0
-54.1
-51.1
-48.2
-44.8
-39.9
-28.3
5.0
23.3
12.0
-6.7
-23.6
-37.1
-49.9
-60.2
-64.9
-65.7
-64.5
-62.3
-59.6
-56.7
-53.8
-50.8
-47.8
-44.4
-39.2
-26.2
8.7
23.1
10.2
-8.6
-25.1
-38.4
-51.1
-61.0
-65.1
-65.6
-64.3
-62.0
-59.3
-56.4
-53.5
-50.5
-47.5
-44.0
-38.4
-23.7
12.1
22.5
8.3
-10.4
-26.6
-39.7
-52.4
-61.6
-65.3
-65.6
-64.1
-61.8
-59.0
-56.1
-53.2
-50.2
-47.2
-43.6
-37.6
-21.0
15.0
21.7
6.4
-12.2
-28.0
-41.0
-53.5
-62.2
-65.4
-65.5
-63.9
-61.5
-58.8
-55.8
-52.9
-49.9
-46.9
-43.1
-36.7
-18.0
17.5
20.7
4.6
-14.0
-29.3
-42.2
-54.6
-62.7
-65.5
-65.3
-63.7
-61.3
-58.5
-55.5
-52.6
-49.6
-46.5
-42.7
-35.6
-14.4
19.7
19.6
2.6
-15.7
-30.7
-43.6
-55.7
-63.2
-65.6
-65.2
-63.5
-61.0
-58.2
-55.2
-52.3
-49.4
-46.2
-42.2
-34.5
-10.9
21.4
18.4
0.9
-17.2
-31.8
-44.7
-56.7
-63.7
-65.8
-65.2
-63.3
-60.8
-57.9
-55.0
-52.0
-49.1
-45.9
-41.7
-33.3
-7.2
22.3
17.0
-0.9
-18.8
-33.1
-46.1
-57.7
-64.1
-65.8
-65.0
-63.1
-60.5
-57.6
-54.7
-51.7
-48.8
-45.6
-41.1
-31.9
-3.1
23.0
15.4
-2.9
-20.5
-34.4
-47.4
-58.6
-64.4
-65.7
-64.8
-62.8
-60.2
-57.3
-54.4
-51.4
-48.5
-45.2
-40.5
-30.2
1.0
23.3
13.7
-4.9
-22.1
-35.8
-48.6
-59.4
-64.6
-65.7
-64.7
-62.6
-59.9
-57.0
-54.1
-51.1
-48.2
-44.8
-39.9
-28.4
4.9
23.3
12.0
-6.7
-23.6
-37.1
-49.8
-60.1
-64.9
-65.7
-64.5
-62.3
-59.6
-56.7
-53.8
-50.9
-47.9
-44.4
-39.2
-26.3
8.5
23.1
10.3
-8.5
-25.0
-38.3
-51.0
-60.9
-65.1
-65.6
-64.3
-62.1
-59.4
-56.4
-53.5
-50.6
-47.5
-44.0
-38.5
-23.9
11.9
22.5
8.5
-10.3
-26.5
-39.6
-52.3
-61.6
-65.3
-65.6
-64.1
-61.8
-59.1
-56.1
-53.2
-50.3
-47.2
-43.6
-37.6
-21.2
14.8
21.7
6.6
-12.1
-27.9
-40.9
-53.4
-62.1
-65.4
-65.5
-63.9
-61.5
-58.8
-55.8
-52.9
-50.0
-46.9
-43.2
-36.7
-18.2
17.3
20.8
4.7
-13.9
-29.3
-42.1
-54.6
-62.7
-65.6
-65.4
-63.7
-61.3
-58.5
-55.5
-52.6
-49.6
-46.6
-42.7
-35.7
-14.7
19.5
19.6
2.7
-15.6
-30.6
-43.5
-55.6
-63.1
-65.6
-65.2
-63.5
-61.0
-58.2
-55.2
-52.3
-49.4
-46.2
-42.2
-34.5
-11.0
21.3
18.4
0.9
-17.2
-31.8
-44.7
-56.7
-63.7
-65.7
-65.2
-63.3
-60.8
-57.9
-55.0
-52.0
-49.1
-45.9
-41.7
-33.3
-7.2
22.3
17.0
-1.0
-18.9
-33.2
-45.9
-57.6
-64.0
-65.8
-65.0
-63.1
-60.5
-57.6
-54.7
-51.7
-48.8
-45.6
-41.2
-31.9
-3.3
22.9
15.5
-2.8
-20.4
-34.3
-47.3
-58.5
-64.4
-65.7
-64.8
-62.8
-60.2
-57.3
-54.4
-51.4
-48.5
-45.2
-40.6
-30.3
0.8
23.3
13.8
-4.7
-22.0
-35.7
-48.5
-59.3
-64.6
-65.7
-64.7
-62.6
-59.9
-57.0
-54.1
-51.2
-48.2
-44.8
-40.0
-28.5
4.6
23.3
12.1
-6.6
-23.5
-37.0
-49.7
-60.1
-64.9
-65.7
-64.5
-62.3
-59.7
-56.8
-53.8
-50.9
-47.9
-44.5
-39.3
-26.5
8.2
23.1
10.4
-8.3
-24.9
-38.2
-51.0
-60.9
-65.1
-65.6
-64.3
-62.1
-59.4
-56.5
-53.5
-50.6
-47.6
-44.1
-38.5
-24.1
11.7
22.6
8.6
-10.2
-26.3
-39.4
-52.2
-61.5
-65.3
-65.6
-64.1
-61.8
-59.1
-56.2
-53.2
-50.3
-47.3
-43.7
-37.7
-21.5
14.5
21.8
6.8
-11.9
-27.7
-40.7
-53.3
-62.1
-65.4
-65.5
-63.9
-61.6
-58.8
-55.9
-52.9
-50.0
-46.9
-43.2
-36.8
-18.5
17.1
20.9
5.0
-13.6
-29.1
-42.0
-54.5
-62.7
-65.6
-65.4
-63.7
-61.3
-58.5
-55.6
-52.6
-49.7
-46.6
-42.8
-35.8
-15.1
19.3
19.8
3.0
-15.4
-30.4
-43.3
-55.6
-63.1
-65.6
-65.3
-63.5
-61.0
-58.2
-55.3
-52.3
-49.4
-46.2
-42.2
-34.5
-11.0
21.3
18.4
1.0
-17.2
-31.8
-44.7
-56.7
-63.7
-65.7
-65.2
-63.3
-60.8
-57.9
-55.0
-52.0
-49.1
-45.9
-41.7
-33.3
-7.2
22.3
17.0
-1.0
-18.8
-33.1
-46.1
-57.7
-64.1
-65.8
-65.0
-63.1
-60.5
-57.6
-54.7
-51.7
-48.8
-45.5
-41.1
-31.8
-3.1
23.0
15.3
-2.9
-20.5
-34.4
-47.4
-58.6
-64.4
-65.7
-64.8
-62.8
-60.2
-57.3
-54.4
-51.4
-48.5
-45.2
-40.5
-30.2
1.1
23.3
13.7
-4.9
-22.1
-35.8
-48.6
-59.4
-64.6
-65.7
-64.7
-62.6
-59.9
-57.0
-54.1
-51.1
-48.2
-44.8
-39.9
-28.3
4.9
23.3
12.0
-6.7
-23.6
-37.1
-49.8
-60.1
-64.9
-65.7
-64.5
-62.3
-59.6
-56.7
-53.8
-50.8
-47.9
-44.4
-39.2
-26.3
8.5
23.1
10.3
-8.5
-25.0
-38.4
-51.1
-60.9
-65.1
-65.6
-64.3
-62.1
-59.4
-56.4
-53.5
-50.5
-47.5
-44.0
-38.5
-23.9
12.0
22.5
8.4
-10.3
-26.5
-39.6
-52.3
-61.6
-65.3
-65.6
-64.1
-61.8
-59.1
-56.1
-53.2
-50.2
-47.2
-43.6
-37.6
-21.1
14.9
21.7
6.5
-12.2
-27.9
-40.9
-53.4
-62.1
-65.4
-65.5
-63.9
-61.5
-58.8
-55.8
-52.9
-49.9
-46.9
-43.2
-36.7
-18.1
17.4
20.7
4.7
-13.9
-29.3
-42.2
-54.6
-62.7
-65.6
-65.4
-63.7
-61.3
-58.5
-55.5
-52.6
-49.6
-46.6
-42.7
-35.6
-14.7
19.5
19.6
2.7
-15.7
-30.7
-43.5
-55.6
-63.1
-65.6
-65.2
-63.5
-61.0
-58.2
-55.2
-52.3
-49.4
-46.2
-42.2
-34.5
-11.0
21.3
18.4
0.9
-17.2
-31.8
-44.7
-56.7
-63.7
-65.7
-65.2
-63.3
-60.8
-57.9
-55.0
-52.0
-49.1
-45.9
-41.7
-33.3
-7.2
22.3
17.0
-1.0
-18.8
-33.1
-46.1
-57.7
-64.1
-65.8
-65.0
-63.1
-60.5
-57.6
-54.7
-51.7
-48.8
-45.5
-41.1
-31.8
-3.0
23.0
15.3
-3.0
-20.5
-34.4
-47.4
-58.6
-64.4
-65.7
-64.8
-62.8
-60.2
-57.3
-54.4
-51.4
-48.4
-45.2
-40.5
-30.2
1.1
23.3
13.6
-4.9
-22.1
-35.8
-48.6
-59.4
-64.6
-65.7
-64.7
-62.6
-59.9
-57.0
-54.1
-51.1
-48.2
-44.8
-39.9
-28.3
5.0
23.3
12.0
-6.7
-23.6
-37.1
-49.8
-60.1
-64.9
-65.7
-64.5
-62.3
-59.6
-56.7
-53.8
-50.8
-47.9
-44.4
-39.2
-26.3
8.6
23.1
10.3
-8.5
-25.0
-38.4
-51.1
-60.9
-65.1
-65.6
-64.3
-62.1
-59.3
-56.4
-53.5
-50.5
-47.5
-44.0
-38.5
-23.8
12.0
22.5
8.4
-10.3
-26.5
-39.6
-52.3
-61.6
-65.3
-65.6
-64.1
-61.8
-59.1
-56.1
-53.2
-50.2
-47.2
-43.6
-37.6
-21.1
14.9
21.7
6.5
-12.2
-27.9
-40.9
-53.4
-62.2
-65.4
-65.5
-63.9
-61.5
-58.8
-55.8
-52.9
-49.9
-46.9
-43.2
-36.7
-18.1
17.4
20.7
4.6
-13.9
-29.3
-42.2
-54.6
-62.7
-65.6
-65.4
-63.7
-61.3
-58.5
-55.5
-52.6
-49.6
-46.6
-42.7
-35.6
-14.6
19.5
19.6
2.7
-15.7
-30.7
-43.5
-55.6
-63.1
-65.6
-65.2
-63.5
-61.0
-58.2
-55.2
-52.3
-49.4
-46.2
-42.2
-34.5
-11.0
21.3
18.4
0.9
-17.2
-31.8
-44.7
-56.7
-63.7
-65.7
-65.2
-63.3
-60.8
-57.9
-55.0
-52.0
-49.1
-45.9
-41.7
-33.3
-7.2
22.3
17.0
-1.0
-18.8
-33.1
-46.1
-57.7
-64.1
-65.8
-65.0
-63.1
-60.5
-57.6
-54.7
-51.7
-48.8
-45.5
-41.1
-31.8
-3.1
23.0
15.3
-3.0
-20.5
-34.4
-47.4
-58.6
-64.4
-65.7
-64.8
-62.8
-60.2
-57.3
-54.4
-51.4
-48.4
-45.2
-40.5
-30.2
1.1
23.3
13.6
-4.9
-22.1
-35.8
-48.6
-59.4
-64.6
-65.7
-64.7
-62.6
-59.9
-57.0
-54.1
-51.1
-48.2
-44.8
-39.9
-28.3
5.0
23.3
12.0
-6.7
-23.6
-37.1
-49.8
-60.1
-64.9
-65.7
-64.5
-62.3
-59.6
-56.7
-53.8
-50.8
-47.9
-44.4
-39.2
-26.3
8.6
23.1
10.3
-8.5
-25.0
-38.4
-51.1
-60.9
-65.1
-65.6
-64.3
-62.1
-59.3
-56.4
-53.5
-50.5
-47.5
-44.0
-38.5
-23.8
12.0
22.5
8.4
-10.3
-26.5
-39.6
-52.3
-61.6
-65.3
-65.6
-64.1
-61.8
-59.1
-56.1
-53.2
-50.2
-47.2
-43.6
-37.6
-21.1
14.9
21.7
6.5
-12.2
-27.9
-40.9
-53.4
-62.2
-65.4
-65.5
-63.9
-61.5
-58.8
-55.8
-52.9
-49.9
-46.9
-43.2
-36.7
-18.1
17.4
20.7
4.6
-13.9
-29.3
-42.2
-54.6
-62.7
-65.6
-65.4
-63.7
-61.3
-58.5
-55.5
-52.6
-49.6
-46.6
-42.7
-35.6
-14.6
19.5
19.6
2.7
-15.7
-30.7
-43.5
-55.6
-63.1
-65.6
-65.2
-63.5
-61.0
-58.2
-55.2
-52.3
-49.4
-46.2
-42.2
-34.5
-11.0
21.3
18.4
0.9
-17.2
-31.8
-44.7
-56.7
-63.7
-65.7
-65.2
-63.3
-60.8
-57.9
-55.0
-52.0
-49.1
-45.9
-41.7
-33.3
-7.2
22.3
17.0
-1.0
-18.8
-33.1
-46.1
-57.7
-64.1
-65.8
-65.0
-63.1
-60.5
-57.6
-54.7
-51.7
-48.8
-45.5
-41.1
-31.8
-3.0
23.0
15.3
-3.0
-20.5
-34.4
-47.4
-58.6
-64.4
-65.7
-64.8
-62.8
-60.2
-57.3
-54.4
-51.4
-48.4
-45.2
-40.5
-30.2
1.1
23.3
13.6
-4.9
-22.1
-35.8
-48.6
-59.4
-64.6
-65.7
-64.7
-62.6
-59.9
-57.0
-54.1
-51.1
-48.2
-44.8
-39.9
-28.3
5.0
23.3
12.0
-6.7
-23.6
-37.1
-49.8
-60.1
-64.9
-65.7
-64.5
-62.3
-59.6
-56.7
-53.8
-50.8
-47.9
-44.4
-39.2
-26.3
8.6
23.1
10.3
-8.5
-25.0
-38.4
-51.1
-60.9
-65.1
-65.6
-64.3
-62.1
-59.3
-56.4
-53.5
-50.5
-47.5
-44.0
-38.5
-23.8
12.0
22.5
8.4
-10.3
-26.5
-39.6
-52.3
-61.6
-65.3
-65.6
-64.1
-61.8
-59.1
-56.1
-53.2
-50.2
-47.2
-43.6
-37.6
-21.1
14.9
21.7
6.5
-12.2
-27.9
-40.9
-53.4
-62.2
-65.4
-65.5
-63.9
-61.5
-58.8
-55.8
-52.9
-49.9
-46.9
-43.2
-36.7
-18.1
17.4
20.7
4.6
-13.9
-29.3
-42.2
-54.6
-62.7
-65.6
-65.4
-63.7
-61.3
-58.5
-55.5
-52.6
-49.6
-46.6
-42.7
-35.6
-14.6
19.5
19.6
2.7
-15.7
-30.7
-43.5
-55.6
-63.1
-65.6
-65.2
-63.5
-61.0
-58.2
-55.2
-52.3
-49.4
-46.2
-42.2
-34.5
-11.0
21.3
18.4
0.9
-17.2
-31.8
-44.7
-56.7
-63.7
-65.7
-65.2
-63.3
-60.8
-57.9
-55.0
-52.0
-49.1
-45.9
-41.7
-33.3
-7.2
22.3
17.0
-1.0
-18.8
-33.1
-46.1
-57.7
-64.1
-65.8
-65.0
-63.1
-60.5
-57.6
-54.7
-51.7
-48.8
-45.5
-41.1
-31.8
-3.0
23.0
15.3
-3.0
-20.5
-34.4
-47.4
-58.6
-64.4
-65.7
-64.8
-62.8
-60.2
-57.3
-54.4
-51.4
-48.4
-45.2
-40.5
-30.2
1.1
23.3
13.6
-4.9
-22.1
-35.8
-48.6
-59.4
-64.6
-65.7
-64.7
-62.6
-59.9
-57.0
-54.1
-51.1
-48.2
-44.8
-39.9
-28.3
5.0
23.3
12.0
-6.7
-23.6
-37.1
-49.8
-60.1
-64.9
-65.7
-64.5
-62.3
-59.6
-56.7
-53.8
-50.8
-47.9
-44.4
-39.2
-26.3
8.6
23.1
10.3
-8.5
-25.0
-38.4
-51.1
-60.9
-65.1
-65.6
-64.3
-62.1
-59.3
-56.4
-53.5
-50.5
-47.5
-44.0
-38.5
-23.8
12.0
22.5
8.4
-10.3
-26.5
-39.6
-52.3
-61.6
-65.3
-65.6
-64.1
-61.8
-59.1
-56.1
-53.2
-50.2
-47.2
-43.6
-37.6
-21.1
14.9
21.7
6.5
-12.2
-27.9
-40.9
-53.4
-62.2
-65.4
-65.5
-63.9
-61.5
-58.8
-55.8
-52.9
-49.9
-46.9
-43.2
-36.7
-18.1
17.4
20.7
4.6
-13.9
-29.3
-42.2
-54.6
-62.7
-65.6
-65.4
-63.7
-61.3
-58.5
-55.5
-52.6
-49.6
-46.6
-42.7
-35.6
-14.6
19.5
19.6
2.7
-15.7
-30.7
-43.5
-55.6
-63.1
-65.6
-65.2
-63.5
-61.0
-58.2
-55.2
-52.3
-49.4
-46.2
-42.2
-34.5
-11.0
21.3
18.4
0.9
-17.2
-31.8
-44.7
-56.7
-63.7
-65.7
-65.2
-63.3
-60.8
-57.9
-55.0
-52.0
-49.1
-45.9
-41.7
-33.3
-7.2
22.3
17.0
-1.0
-18.8
-33.1
-46.1
-57.7
-64.1
-65.8
-65.0
-63.1
-60.5
-57.6
-54.7
-51.7
-48.8
-45.5
-41.1
-31.8
-3.0
23.0
15.3
-3.0
-20.5
-34.4
-47.4
-58.6
-64.4
-65.7
-64.8
-62.8
-60.2
-57.3
-54.4
-51.4
-48.4
-45.2
-40.5
-30.2
1.1
23.3
13.6
-4.9
-22.1
-35.8
-48.6
-59.4
-64.6
-65.7
-64.7
-62.6
-59.9
-57.0
-54.1
-51.1
-48.2
-44.8
-39.9
-28.3
5.0
23.3
12.0
-6.7
-23.6
-37.1
-49.8
-60.1
-64.9
-65.7
-64.5
-62.3
-59.6
-56.7
-53.8
-50.8
-47.9
-44.4
-39.2
-26.3
8.6
23.1
10.3
-8.5
-25.0
-38.4
-51.1
-60.9
-65.1
-65.6
-64.3
-62.1
-59.3
-56.4
-53.5
-50.5
-47.5
-44.0
-38.5
-23.8
12.0
22.5
8.4
-10.3
-26.5
-39.6
-52.3
-61.6
-65.3
-65.6
-64.1
-61.8
-59.1
-56.1
-53.2
-50.2
-47.2
-43.6
-37.6
-21.1
14.9
21.7
6.5
-12.2
-27.9
-40.9
-53.4
-62.2
-65.4
-65.5
-63.9
-61.5
-58.8
-55.8
-52.9
-49.9
-46.9
-43.2
-36.7
-18.1
17.4
20.7
4.6
-13.9
-29.3
-42.2
-54.6
-62.7
-65.6
-65.4
-63.7
-61.3
-58.5
-55.5
-52.6
-49.6
-46.6
-42.7
-35.6
-14.6
19.5
19.6
2.7
-15.7
-30.7
-43.5
-55.6
-63.1
-65.6
-65.2
-63.5
-61.0
-58.2
-55.2
-52.3
-49.4
-46.2
-42.2
-34.5
-11.0
21.3
18.4
0.9
-17.2
-31.8
-44.7
-56.7
-63.7
-65.7
-65.2
-63.3
-60.8
-57.9
-55.0
-52.0
-49.1
-45.9
-41.7
-33.3
-7.2
22.3
17.0
-1.0
-18.8
-33.1
-46.1
-57.7
-64.1
-65.8
-65.0
-63.1
-60.5
-57.6
-54.7
-51.7
-48.8
-45.5
-41.1
-31.8
-3.0
23.0
15.3
-3.0
-20.5
-34.4
-47.4
-58.6
-64.4
-65.7
-64.8
-62.8
-60.2
-57.3
-54.4
-51.4
-48.4
-45.2
-40.5
-30.2
1.1
23.3
13.6
-4.9
-22.1
-35.8
-48.6
-59.4
-64.6
-65.7
-64.7
-62.6
-59.9
-57.0
-54.1
-51.1
-48.2
-44.8
-39.9
-28.3
5.0
23.3
12.0
-6.7
-23.6
-37.1
-49.8
-60.1
-64.9
-65.7
-64.5
-62.3
-59.6
-56.7
-53.8
-50.8
-47.9
-44.4
-39.2
-26.3
8.6
23.1
10.3
-8.5
-25.0
-38.4
-51.1
-60.9
-65.1
-65.6
-64.3
-62.1
-59.3
-56.4
-53.5
-50.5
-47.5
-44.0
-38.5
-23.8
12.0
22.5
8.4
-10.3
-26.5
-39.6
-52.3
-61.6
-65.3
-65.6
-64.1
-61.8
-59.1
-56.1
-53.2
-50.2
-47.2
-43.6
-37.6
-21.1
14.9
21.7
6.5
-12.2
-27.9
-40.9
-53.4
-62.2
-65.4
-65.5
-63.9
-61.5
-58.8
-55.8
-52.9
-49.9
-46.9
-43.2
-36.7
-18.1
17.4
20.7
4.6
-13.9
-29.3
-42.2
-54.6
-62.7
-65.6
-65.4
-63.7
-61.3
-58.5
-55.5
-52.6
-49.6
-46.6
-42.7
-35.6
-14.6
19.5
19.6
2.7
-15.7
-30.7
-43.5
-55.6
-63.1
-65.6
-65.2
-63.5
-61.0
-58.2
-55.2
-52.3
-49.4
-46.2
-42.2
-34.5
-11.0
21.3
18.4
0.9
-17.2
-31.8
-44.7
-56.7
-63.7
-65.7
-65.2
-63.3
-60.8
-57.9
-55.0
-52.0
-49.1
-45.9
-41.7
-33.3
-7.2
22.3
17.0
-1.0
-18.8
-33.1
-46.1
-57.7
-64.1
-65.8
-65.0
-63.1
-60.5
-57.6
-54.7
-51.7
-48.8
-45.5
-41.1
-31.8
-3.0
23.0
15.3
-3.0
-20.5
-34.4
-47.4
-58.6
-64.4
-65.7
-64.8
-62.8
-60.2
-57.3
-54.4
-51.4
-48.4
-45.2
-40.5
-30.2
1.1
23.3
13.6
-4.9
-22.1
-35.8
-48.6
-59.4
-64.6
-65.7
-64.7
-62.6
-59.9
-57.0
-54.1
-51.1
-48.2
-44.8
-39.9
-28.3
5.0
23.3
12.0
-6.7
-23.6
-37.1
-49.8
-60.1
-64.9
-65.7
-64.5
-62.3
-59.6
-56.7
-53.8
-50.8
-47.9
-44.4
-39.2
-26.3
8.6
23.1
10.3
-8.5
-25.0
-38.4
-51.1
-60.9
-65.1
-65.6
-64.3
-62.1
-59.3
-56.4
-53.5
-50.5
-47.5
-44.0
-38.5
-23.8
12.0
22.5
8.4
-10.3
-26.5
-39.6
-52.3
-61.6
-65.3
-65.6
-64.1
-61.8
-59.1
-56.1
-53.2
-50.2
-47.2
-43.6
-37.6
-21.1
14.9
21.7
6.5
-12.2
-27.9
-40.9
-53.4
-62.2
-65.4
-65.5
-63.9
-61.5
-58.8
-55.8
-52.9
-49.9
-46.9
-43.2
-36.7
-18.1
17.4
20.7
4.6
-13.9
-29.3
-42.2
-54.6
-62.7
-65.6
-65.4
-63.7
-61.3
-58.5
-55.5
-52.6
-49.6
-46.6
-42.7
-35.6
-14.6
19.5
19.6
2.7
-15.7
-30.7
-43.5
-55.6
-63.1
-65.6
-65.2
-63.5
-61.0
-58.2
-55.2
-52.3
-49.4
-46.2
-42.2
-34.5
-11.0
21.3
18.4
0.9
-17.2
-31.8
-44.7
-56.7
-63.7
-65.7
-65.2
-63.3
-60.8
-57.9
-55.0
-52.0
-49.1
-45.9
-41.7
-33.3
-7.2
22.3
17.0
-1.0
-18.8
-33.1
-46.1
-57.7
-64.1
-65.8
-65.0
-63.1
-60.5
-57.6
-54.7
-51.7
-48.8
-45.5
-41.1
-31.8
-3.0
23.0
15.3
-3.0
-20.5
-34.4
-47.4
-58.6
-64.4
-65.7
-64.8
-62.8
-60.2
-57.3
-54.4
-51.4
-48.4
-45.2
-40.5
-30.2
1.1
23.3
13.6
-4.9
-22.1
-35.8
-48.6
-59.4
-64.6
-65.7
-64.7
-62.6
-59.9
-57.0
-54.1
-51.1
-48.2
-44.8
-39.9
-28.3
5.0
23.3
12.0
-6.7
-23.6
-37.1
-49.8
-60.1
-64.9
-65.7
-64.5
-62.3
-59.6
-56.7
-53.8
-50.8
-47.9
-44.4
-39.2
-26.3
8.6
23.1
10.3
-8.5
-25.0
-38.4
-51.1
-60.9
-65.1
-65.6
-64.3
-62.1
-59.3
-56.4
-53.5
-50.5
-47.5
-44.0
-38.5
-23.8
12.0
22.5
8.4
-10.3
-26.5
-39.6
-52.3
-61.6
-65.3
-65.6
-64.1
-61.8
-59.1
-56.1
-53.2
-50.2
-47.2
-43.6
-37.6
-21.1
14.9
21.7
6.5
-12.2
-27.9
-40.9
-53.4
-62.2
-65.4
-65.5
-63.9
-61.5
-58.8
-55.8
-52.9
-49.9
-46.9
-43.2
-36.7
-18.1
17.4
20.7
4.6
-13.9
-29.3
-42.2
-54.6
-62.7
-65.6
-65.4
-63.7
-61.3
-58.5
-55.5
-52.6
-49.6
-46.6
-42.7
-35.6
-14.6
19.5
19.6
2.7
-15.7
-30.7
-43.5
-55.6
-63.1
-65.6
-65.2
-63.5
-61.0
-58.2
-55.2
-52.3
-49.4
-46.2
-42.2
-34.5
-11.0
21.3
18.4
0.9
-17.2
-31.8
-44.7
-56.7
-63.7
-65.7
-65.2
-63.3
-60.8
-57.9
-55.0
-52.0
-49.1
-45.9
-41.7
-33.3
-7.2
22.3
17.0
-1.0
-18.8
-33.1
-46.1
-57.7
-64.1
-65.8
-65.0
-63.1
-60.5
-57.6
-54.7
-51.7
-48.8
-45.5
-41.1
-31.8
-3.0
23.0
15.3
-3.0
-20.5
-34.4
-47.4
-58.6
-64.4
-65.7
-64.8
-62.8
-60.2
-57.3
-54.4
-51.4
-48.4
-45.2
-40.5
-30.2
1.1
23.3
13.6
-4.9
-22.1
-35.8
-48.6
-59.4
-64.6
-65.7
-64.7
-62.6
-59.9
-57.0
-54.1
-51.1
-48.2
-44.8
-39.9
-28.3
5.0
23.3
12.0
-6.7
-23.6
-37.1
-49.8
-60.1
-64.9
-65.7
-64.5
-62.3
-59.6
-56.7
-53.8
-50.8
-47.9
-44.4
-39.2
-26.3
8.6
23.1
10.3
-8.5
-25.0
-38.4
-51.1
-60.9
-65.1
-65.6
-64.3
-62.1
-59.3
-56.4
-53.5
-50.5
-47.5
-44.0
-38.5
-23.8
12.0
22.5
8.4
-10.3
-26.5
-39.6
-52.3
-61.6
-65.3
-65.6
-64.1
-61.8
-59.1
-56.1
-53.2
-50.2
-47.2
-43.6
-37.6
-21.1
14.9
21.7
6.5
-12.2
-27.9
-40.9
-53.4
-62.2
-65.4
-65.5
-63.9
-61.5
-58.8
-55.8
-52.9
-49.9
-46.9
-43.2
-36.7
-18.1
17.4
20.7
4.6
-13.9
-29.3
-42.2
-54.6
-62.7
-65.6
-65.4
-63.7
-61.3
-58.5
-55.5
-52.6
-49.6
-46.6
-42.7
-35.6
-14.6
19.5
19.6
2.7
-15.7
-30.7
-43.5
-55.6
-63.1
-65.6
-65.2
-63.5
-61.0
-58.2
-55.2
-52.3
-49.4
-46.2
-42.2
-34.5
-11.0
21.3
18.4
0.9
-17.2
-31.8
-44.7
-56.7
-63.7
-65.7
-65.2
-63.3
-60.8
-57.9
-55.0
-52.0
-49.1
-45.9
-41.7
-33.3
-7.2
22.3
17.0
-1.0
-18.8
-33.1
-46.1
-57.7
-64.1
-65.8
-65.0
-63.1
-60.5
-57.6
-54.7
-51.7
-48.8
-45.5
-41.1
-31.8
-3.0
23.0
15.3
-3.0
-20.5
-34.4
-47.4
-58.6
-64.4
-65.7
-64.8
-62.8
-60.2
-57.3
-54.4
-51.4
-48.4
-45.2
-40.5
-30.2
1.1
23.3
13.6
-4.9
-22.1
-35.8
-48.6
-59.4
-64.6
-65.7
-64.7
-62.6
-59.9
-57.0
-54.1
-51.1
-48.2
-44.8
-39.9
-28.3
5.0
23.3
12.0
-6.7
-23.6
-37.1
-49.8
-60.1
-64.9
-65.7
-64.5
-62.3
-59.6
-56.7
-53.8
-50.8
-47.9
-44.4
-39.2
-26.3
8.6
23.1
10.3
-8.5
-25.0
-38.4
-51.1
-60.9
-65.1
-65.6
-64.3
-62.1
-59.3
-56.4
-53.5
-50.5
-47.5
-44.0
-38.5
-23.8
12.0
22.5
8.4
-10.3
-26.5
-39.6
-52.3
-61.6
-65.3
-65.6
-64.1
-61.8
-59.1
-56.1
-53.2
-50.2
-47.2
-43.6
-37.6
-21.1
14.9
21.7
6.5
-12.2
-27.9
-40.9
-53.4
-62.2
-65.4
-65.5
-63.9
-61.5
-58.8
-55.8
-52.9
-49.9
-46.9
-43.2
-36.7
-18.1
17.4
20.7
4.6
-13.9
-29.3
-42.2
-54.6
-62.7
-65.6
-65.4
-63.7
-61.3
-58.5
-55.5
-52.6
-49.6
-46.6
-42.7
-35.6
-14.6
19.5
19.6
2.7
-15.7
-30.7
-43.5
-55.6
-63.1
-65.6
-65.2
-63.5
-61.0
-58.2
-55.2
-52.3
-49.4
-46.2
-42.2
-34.5
-11.0
21.3
18.4
0.9
-17.2
-31.8
-44.7
-56.7
-63.7
-65.7
-65.2
-63.3
-60.8
-57.9
-55.0
-52.0
-49.1
-45.9
-41.7
-33.3
-7.2
22.3
17.0
-1.0
-18.8
-33.1
-46.1
-57.7
-64.1
-65.8
-65.0
-63.1
-60.5
-57.6
-54.7
-51.7
-48.8
-45.5
-41.1
-31.8
-3.0
23.0
15.3
-3.0
-20.5
-34.4
-47.4
-58.6
-64.4
-65.7
-64.8
-62.8
-60.2
-57.3
-54.4
-51.4
-48.4
-45.2
-40.5
-30.2
1.1
23.3
13.6
-4.9
-22.1
-35.8
-48.6
-59.4
-64.6
-65.7
-64.7
-62.6
-59.9
-57.0
-54.1
-51.1
-48.2
-44.8
-39.9
-28.3
5.0
23.3
12.0
-6.7
-23.6
-37.1
-49.8
-60.1
-64.9
-65.7
-64.5
-62.3
-59.6
-56.7
-53.8
-50.8
-47.9
-44.4
-39.2
-26.3
8.6
23.1
10.3
-8.5
-25.0
-38.4
-51.1
-60.9
-65.1
-65.6
-64.3
-62.1
-59.3
-56.4
-53.5
-50.5
-47.5
-44.0
-38.5
-23.8
12.0
22.5
8.4
-10.3
-26.5
-39.6
-52.3
-61.6
-65.3
-65.6
-64.1
-61.8
-59.1
-56.1
-53.2
-50.2
-47.2
-43.6
-37.6
-21.1
14.9
21.7
6.5
-12.2
-27.9
-40.9
-53.4
-62.2
-65.4
-65.5
-63.9
-61.5
-58.8
-55.8
-52.9
-49.9
-46.9
-43.2
-36.7
-18.1
17.4
20.7
4.6
-13.9
-29.3
-42.2
-54.6
-62.7
-65.6
-65.4
-63.7
-61.3
-58.5
-55.5
-52.6
-49.6
-46.6
-42.7
-35.6
-14.6
19.5
19.6
2.7
-15.7
-30.7
-43.5
-55.6
-63.1
-65.6
-65.2
-63.5
-61.0
-58.2
-55.2
-52.3
-49.4
-46.2
-42.2
-34.5
-11.0
21.3
18.4
0.9
-17.2
-31.8
-44.7
-56.7
-63.7
-65.7
-65.2
-63.3
-60.8
-57.9
-55.0
-52.0
-49.1
-45.9
-41.7
-33.3
-7.2
22.3
17.0
-1.0
-18.8
-33.1
-46.1
-57.7
-64.1
-65.8
-65.0
-63.1
-60.5
-57.6
-54.7
-51.7
-48.8
-45.5
-41.1
-31.8
-3.0
23.0
15.3
-3.0
-20.5
-34.4
-47.4
-58.6
-64.4
-65.7
-64.8
-62.8
-60.2
-57.3
-54.4
-51.4
-48.4
-45.2
-40.5
-30.2
1.1
23.3
13.6
-4.9
-22.1
-35.8
-48.6
-59.4
-64.6
-65.7
-64.7
-62.6
-59.9
-57.0
-54.1
-51.1
-48.2
-44.8
-39.9
-28.3
5.0
23.3
12.0
-6.7
-23.6
-37.1
-49.8
-60.1
-64.9
-65.7
-64.5
-62.3
-59.6
-56.7
-53.8
-50.8
-47.9
-44.4
-39.2
-26.3
8.6
23.1
10.3
-8.5
-25.0
-38.4
-51.1
-60.9
-65.1
-65.6
-64.3
-62.1
-59.3
-56.4
-53.5
-50.5
-47.5
-44.0
-38.5
-23.8
12.0
22.5
8.4
-10.3
-26.5
-39.6
-52.3
-61.6
-65.3
-65.6
-64.1
-61.8
-59.1
-56.1
-53.2
-50.2
-47.2
-43.6
-37.6
-21.1
14.9
21.7
6.5
-12.2
-27.9
-40.9
-53.4
-62.2
-65.4
-65.5
-63.9
-61.5
-58.8
-55.8
-52.9
-49.9
-46.9
-43.2
-36.7
-18.1
17.4
20.7
4.6
-13.9
-29.3
-42.2
-54.6
-62.7
-65.6
-65.4
-63.7
-61.3
-58.5
-55.5
-52.6
-49.6
-46.6
-42.7
-35.6
-14.6
19.5
19.6
2.7
-15.7
-30.7
-43.5
-55.6
-63.1
-65.6
-65.2
-63.5
-61.0
-58.2
-55.2
-52.3
-49.4
-46.2
-42.2
-34.5
-11.0
21.3
18.4
0.9
-17.2
-31.8
-44.7
-56.7
-63.7
-65.7
-65.2
-63.3
-60.8
-57.9
-55.0
-52.0
-49.1
-45.9
-41.7
-33.3
-7.2
22.3
17.0
-1.0
-18.8
-33.1
-46.1
-57.7
-64.1
-65.8
-65.0
-63.1
-60.5
-57.6
-54.7
-51.7
-48.8
-45.5
-41.1
-31.8
-3.0
23.0
15.3
-3.0
-20.5
-34.4
-47.4
-58.6
-64.4
-65.7
-64.8
-62.8
-60.2
-57.3
-54.4
-51.4
-48.4
-45.2
-40.5
-30.2
1.1
23.3
13.6
-4.9
-22.1
-35.8
-48.6
-59.4
-64.6
-65.7
-64.7
-62.6
-59.9
-57.0
-54.1
-51.1
-48.2
-44.8
-39.9
-28.3
5.0
23.3
12.0
-6.7
-23.6
-37.1
-49.8
-60.1
-64.9
-65.7
-64.5
-62.3
-59.6
-56.7
-53.8
-50.8
-47.9
-44.4
-39.2
-26.3
8.6
23.1
10.3
-8.5
-25.0
-38.4
-51.1
-60.9
-65.1
-65.6
-64.3
-62.1
-59.3
-56.4
-53.5
-50.5
-47.5
-44.0
-38.5
-23.8
12.0
22.5
8.4
-10.3
-26.5
-39.6
-52.3
-61.6
-65.3
-65.6
-64.1
-61.8
-59.1
-56.1
-53.2
-50.2
-47.2
-43.6
-37.6
-21.1
14.9
21.7
6.5
-12.2
-27.9
-40.9
-53.4
-62.2
-65.4
-65.5
-63.9
-61.5
-58.8
-55.8
-52.9
-49.9
-46.9
-43.2
-36.7
-18.1
17.4
20.7
4.6
-13.9
-29.3
-42.2
-54.6
-62.7
-65.6
-65.4
-63.7
-61.3
-58.5
-55.5
-52.6
-49.6
-46.6
-42.7
-35.6
-14.6
19.5
19.6
2.7
-15.7
-30.7
-43.5
-55.6
-63.1
-65.6
-65.2
-63.5
-61.0
-58.2
-55.2
-52.3
-49.4
-46.2
-42.2
-34.5
-11.0
21.3
18.4
0.9
-17.2
-31.8
-44.7
-56.7
-63.7
-65.7
-65.2
-63.3
-60.8
-57.9
-55.0
-52.0
-49.1
-45.9
-41.7
-33.3
-7.2
22.3
17.0
-1.0
-18.8
-33.1
-46.1
-57.7
-64.1
-65.8
-65.0
-63.1
-60.5
-57.6
-54.7
-51.7
-48.8
-45.5
-41.1
-31.8
-3.0
23.0
15.3
-3.0
-20.5
-34.4
-47.4
-58.6
-64.4
-65.7
-64.8
-62.8
-60.2
-57.3
-54.4
-51.4
-48.4
-45.2
-40.5
-30.2
1.1
23.3
13.6
-4.9
-22.1
-35.8
-48.6
-59.4
-64.6
-65.7
-64.7
-62.6
-59.9
-57.0
-54.1
-51.1
-48.2
-44.8
-39.9
-28.3
5.0
23.3
12.0
-6.7
-23.6
-37.1
-49.8
-60.1
-64.9
-65.7
-64.5
-62.3
-59.6
-56.7
-53.8
-50.8
-47.9
-44.4
-39.2
-26.3
8.6
23.1
10.3
-8.5
-25.0
-38.4
-51.1
-60.9
-65.1
-65.6
-64.3
-62.1
-59.3
-56.4
-53.5
-50.5
-47.5
-44.0
-38.5
-23.8
12.0
22.5
8.4
-10.3
-26.5
-39.6
-52.3
-61.6
-65.3
-65.6
-64.1
-61.8
-59.1
-56.1
-53.2
-50.2
-47.2
-43.6
-37.6
-21.1
14.9
21.7
6.5
-12.2
-27.9
-40.9
-53.4
-62.2
-65.4
-65.5
-63.9
-61.5
-58.8
-55.8
-52.9
-49.9
-46.9
-43.2
-36.7
-18.1
17.4
20.7
4.6
-13.9
-29.3
-42.2
-54.6
-62.7
-65.6
-65.4
-63.7
-61.3
-58.5
-55.5
-52.6
-49.6
-46.6
-42.7
-35.6
-14.6
19.5
19.6
2.7
-15.7
-30.7
-43.5
-55.6
-63.1
-65.6
-65.2
-63.5
-61.0
-58.2
-55.2
-52.3
-49.4
-46.2
-42.2
-34.5
-11.0
21.3
18.4
0.9
-17.2
-31.8
-44.7
-56.7
-63.7
-65.7
-65.2
-63.3
-60.8
-57.9
-55.0
-52.0
-49.1
-45.9
-41.7
-33.3
-7.2
22.3
17.0
-1.0
-18.8
-33.1
-46.1
-57.7
-64.1
-65.8
-65.0
-63.1
-60.5
-57.6
-54.7
-51.7
-48.8
-45.5
-41.1
-31.8
-3.0
23.0
15.3
-3.0
-20.5
-34.4
-47.4
-58.6
-64.4
-65.7
-64.8
-62.8
-60.2
-57.3
-54.4
-51.4
-48.4
-45.2
-40.5
-30.2
1.1
23.3
13.6
-4.9
-22.1
-35.8
-48.6
-59.4
-64.6
-65.7
-64.7
-62.6
-59.9
-57.0
-54.1
-51.1
-48.2
-44.8
-39.9
-28.3
5.0
23.3
12.0
-6.7
-23.6
-37.1
-49.8
-60.1
-64.9
-65.7
-64.5
-62.3
-59.6
-56.7
-53.8
-50.8
-47.9
-44.4
-39.2
-26.3
8.6
23.1
10.3
-8.5
-25.0
-38.4
-51.1
-60.9
-65.1
-65.6
-64.3
-62.1
-59.3
-56.4
-53.5
-50.5
-47.5
-44.0
-38.5
-23.8
12.0
22.5
8.4
-10.3
-26.5
-39.6
-52.3
-61.6
-65.3
-65.6
-64.1
-61.8
-59.1
-56.1
-53.2
-50.2
-47.2
-43.6
-37.6
-21.1
14.9
21.7
6.5
-12.2
-27.9
-40.9
-53.4
-62.2
-65.4
-65.5
-63.9
-61.5
-58.8
-55.8
-52.9
-49.9
-46.9
-43.2
-36.7
-18.1
17.4
20.7
4.6
-13.9
-29.3
-42.2
-54.6
-62.7
-65.6
-65.4
-63.7
-61.3
-58.5
-55.5
-52.6
-49.6
-46.6
-42.7
-35.6
-14.6
19.5
19.6
2.7
-15.7
-30.7
-43.5
-55.6
-63.1
-65.6
-65.2
-63.5
-61.0
-58.2
-55.2
-52.3
-49.4
-46.2
-42.2
-34.5
-11.0
21.3
18.4
0.9
-17.2
-31.8
-44.7
-56.7
-63.7
-65.7
-65.2
-63.3
-60.8
-57.9
-55.0
-52.0
-49.1
-45.9
-41.7
-33.3
-7.2
22.3
17.0
-1.0
-18.8
-33.1
-46.1
-57.7
-64.1
-65.8
-65.0
-63.1
-60.5
-57.6
-54.7
-51.7
-48.8
-45.5
-41.1
-31.8
-3.0
23.0
15.3
-3.0
-20.5
-34.4
-47.4
-58.6
-64.4
-65.7
-64.8
-62.8
-60.2
-57.3
-54.4
-51.4
-48.4
-45.2
-40.5
-30.2
1.1
23.3
13.6
-4.9
-22.1
-35.8
-48.6
-59.4
-64.6
-65.7
-64.7
-62.6
-59.9
-57.0
-54.1
-51.1
-48.2
-44.8
-39.9
-28.3
5.0
23.3
12.0
-6.7
-23.6
-37.1
-49.8
-60.1
-64.8
-65.7
-64.5
-62.3
-59.6
-56.7
-53.8
-50.9
-47.9
-44.5
-39.3
-26.4
8.4
23.1
10.3
-8.4
-25.0
-38.3
-51.0
-60.9
-65.1
-65.6
-64.3
-62.1
-59.4
-56.4
-53.5
-50.6
-47.6
-44.0
-38.5
-24.0
11.8
22.5
8.5
-10.3
-26.5
-39.6
-52.3
-61.6
-65.3
-65.6
-64.1
-61.8
-59.1
-56.1
-53.2
-50.3
-47.2
-43.6
-37.6
-21.2
14.8
21.7
6.6
-12.1
-27.8
-40.8
-53.4
-62.1
-65.4
-65.5
-63.9
-61.5
-58.8
-55.8
-52.9
-50.0
-46.9
-43.2
-36.7
-18.2
17.3
20.8
4.7
-13.8
-29.2
-42.1
-54.6
-62.7
-65.6
-65.4
-63.7
-61.3
-58.5
-55.5
-52.6
-49.7
-46.6
-42.7
-35.7
-14.8
19.4
19.6
2.8
-15.6
-30.6
-43.5
-55.7
-63.2
-65.6
-65.2
-63.5
-61.0
-58.2
-55.2
-52.3
-49.4
-46.2
-42.2
-34.5
-11.1
21.2
18.4
0.9
-17.2
-31.8
-44.7
-56.7
-63.6
-65.7
-65.2
-63.3
-60.8
-57.9
-55.0
-52.0
-49.1
-45.9
-41.7
-33.3
-7.1
22.3
16.9
-1.0
-18.9
-33.2
-46.0
-57.6
-64.0
-65.8
-65.0
-63.1
-60.5
-57.6
-54.7
-51.7
-48.8
-45.6
-41.2
-31.9
-3.2
22.9
15.4
-2.9
-20.4
-34.4
-47.3
-58.6
-64.4
-65.7
-64.8
-62.8
-60.2
-57.3
-54.4
-51.4
-48.5
-45.2
-40.6
-30.2
0.9
23.3
13.7
-4.8
-22.0
-35.7
-48.5
-59.4
-64.6
-65.7
-64.7
-62.6
-59.9
-57.0
-54.1
-51.1
-48.2
-44.8
-39.9
-28.4
4.7
23.3
12.1
-6.6
-23.5
-37.0
-49.7
-60.1
-64.9
-65.7
-64.5
-62.3
-59.7
-56.8
-53.8
-50.9
-47.9
-44.5
-39.3
-26.4
8.3
23.1
10.4
-8.4
-25.0
-38.3
-51.0
-60.9
-65.1
-65.6
-64.3
-62.1
-59.4
-56.5
-53.5
-50.6
-47.6
-44.1
-38.5
-24.0
11.8
22.6
8.5
-10.2
-26.4
-39.5
-52.3
-61.5
-65.3
-65.6
-64.1
-61.8
-59.1
-56.1
-53.2
-50.3
-47.2
-43.6
-37.7
-21.3
14.7
21.7
6.6
-12.1
-27.8
-40.8
-53.4
-62.1
-65.4
-65.5
-63.9
-61.5
-58.8
-55.9
-52.9
-50.0
-46.9
-43.2
-36.8
-18.3
17.2
20.8
4.8
-13.8
-29.2
-42.1
-54.6
-62.7
-65.6
-65.4
-63.7
-61.3
-58.5
-55.5
-52.6
-49.7
-46.6
-42.7
-35.7
-14.8
19.4
19.6
2.8
-15.6
-30.6
-43.5
-55.7
-63.2
-65.6
-65.2
-63.5
-61.0
-58.2
-55.2
-52.3
-49.4
-46.2
-42.2
-34.6
-11.1
21.1
18.4
0.9
-17.2
-31.8
-44.7
-56.7
-63.6
-65.7
-65.1
-63.3
-60.8
-57.9
-55.0
-52.0
-49.1
-45.9
-41.7
-33.3
-7.1
22.3
16.9
-1.0
-18.9
-33.2
-46.0
-57.6
-64.0
-65.8
-65.0
-63.1
-60.5
-57.6
-54.7
-51.7
-48.8
-45.6
-41.2
-31.9
-3.2
22.9
15.4
-2.9
-20.4
-34.4
-47.3
-58.6
-64.4
-65.7
-64.8
-62.8
-60.2
-57.3
-54.4
-51.4
-48.5
-45.2
-40.6
-30.2
0.9
23.3
13.7
-4.8
-22.0
-35.7
-48.5
-59.4
-64.6
-65.7
-64.7
-62.6
-59.9
-57.0
-54.1
-51.1
-48.2
-44.8
-39.9
-28.4
4.8
23.3
12.1
-6.6
-23.5
-37.0
-49.7
-60.1
-64.9
-65.7
-64.5
-62.3
-59.7
-56.8
-53.8
-50.9
-47.9
-44.5
-39.3
-26.4
8.3
23.1
10.4
-8.4
-25.0
-38.3
-51.0
-60.9
-65.1
-65.6
-64.3
-62.1
-59.4
-56.5
-53.5
-50.6
-47.6
-44.1
-38.5
-24.0
11.8
22.6
8.5
-10.2
-26.4
-39.5
-52.3
-61.5
-65.3
-65.6
-64.1
-61.8
-59.1
-56.1
-53.2
-50.3
-47.2
-43.6
-37.7
-21.3
14.7
21.7
6.6
-12.1
-27.8
-40.8
-53.4
-62.1
-65.4
-65.5
-63.9
-61.5
-58.8
-55.9
-52.9
-50.0
-46.9
-43.2
-36.8
-18.3
17.2
20.8
4.8
-13.8
-29.2
-42.1
-54.6
-62.7
-65.6
-65.4
-63.7
-61.3
-58.5
-55.5
-52.6
-49.7
-46.6
-42.7
-35.7
-14.8
19.4
19.6
2.8
-15.6
-30.6
-43.5
-55.7
-63.2
-65.6
-65.2
-63.5
-61.0
-58.2
-55.2
-52.3
-49.4
-46.2
-42.2
-34.6
-11.1
21.1
18.4
0.9
-17.2
-31.8
-44.7
-56.7
-63.6
-65.7
-65.1
-63.3
-60.8
-57.9
-55.0
-52.0
-49.1
-45.9
-41.7
-33.3
-7.1
22.3
16.9
-1.0
-18.9
-33.2
-46.0
-57.6
-64.0
-65.8
-65.0
-63.1
-60.5
-57.6
-54.7
-51.7
-48.8
-45.6
-41.2
-31.9
-3.2
22.9
15.4
-2.9
-20.4
-34.4
-47.3
-58.6
-64.4
-65.7
-64.8
-62.8
-60.2
-57.3
-54.4
-51.4
-48.5
-45.2
-40.6
-30.2
0.9
23.3
13.7
-4.8
-22.0
-35.7
-48.5
-59.4
-64.6
-65.7
-64.7
-62.6
-59.9
-57.0
-54.1
-51.1
-48.2
-44.8
-39.9
-28.4
4.8
23.3
12.1
-6.6
-23.5
-37.0
-49.7
-60.1
-64.9
-65.7
-64.5
-62.3
-59.7
-56.8
-53.8
-50.9
-47.9
-44.5
-39.3
-26.4
8.3
23.1
10.4
-8.4
-25.0
-38.3
-51.0
-60.9
-65.1
-65.6
-64.3
-62.1
-59.4
-56.5
-53.5
-50.6
-47.6
-44.1
-38.5
-24.0
11.8
22.6
8.5
-10.2
-26.4
-39.5
-52.3
-61.5
-65.3
-65.6
-64.1
-61.8
-59.1
-56.1
-53.2
-50.3
-47.2
-43.6
-37.7
-21.3
14.7
21.7
6.6
-12.1
-27.8
-40.8
-53.4
-62.1
-65.4
-65.5
-63.9
-61.5
-58.8
-55.9
-52.9
-50.0
-46.9
-43.2
-36.8
-18.3
17.2
20.8
4.8
-13.8
-29.2
-42.1
-54.6
-62.7
-65.6
-65.4
-63.7
-61.3
-58.5
-55.5
-52.6
-49.7
-46.6
-42.7
-35.7
-14.8
19.4
19.6
2.8
-15.6
-30.6
-43.5
-55.7
-63.2
-65.6
-65.2
-63.5
-61.0
-58.2
-55.2
-52.3
-49.4
-46.2
-42.2
-34.6
-11.1
21.1
18.4
0.9
-17.2
-31.8
-44.7
-56.7
-63.6
-65.7
-65.1
-63.3
-60.8
-57.9
-55.0
-52.0
-49.1
-45.9
-41.7
-33.3
-7.1
22.3
16.9
-1.0
-18.9
-33.2
-46.0
-57.6
-64.0
-65.8
-65.0
-63.1
-60.5
-57.6
-54.7
-51.7
-48.8
-45.6
-41.2
-31.9
-3.2
22.9
15.4
-2.9
-20.4
-34.4
-47.3
-58.6
-64.4
-65.7
-64.8
-62.8
-60.2
-57.3
-54.4
-51.4
-48.5
-45.2
-40.6
-30.2
0.9
23.3
13.7
-4.8
-22.0
-35.7
-48.5
-59.4
-64.6
-65.7
-64.7
-62.6
-59.9
-57.0
-54.1
-51.1
-48.2
-44.8
-39.9
-28.4
4.8
23.3
12.1
-6.6
-23.5
-37.0
-49.7
-60.1
-64.9
-65.7
-64.5
-62.3
-59.7
-56.8
-53.8
-50.9
-47.9
-44.5
-39.3
-26.4
8.3
23.1
10.4
-8.4
-25.0
-38.3
-51.0
-60.9
-65.1
-65.6
-64.3
-62.1
-59.4
-56.5
-53.5
-50.6
-47.6
-44.1
-38.5
-24.0
11.8
22.6
8.5
-10.2
-26.4
-39.5
-52.2
-61.5
-65.3
-65.6
-64.1
-61.8
-59.1
-56.1
-53.2
-50.3
-47.2
-43.6
-37.7
-21.3
14.7
21.7
6.6
-12.1
-27.8
-40.8
-53.4
-62.1
-65.4
-65.5
-63.9
-61.5
-58.8
-55.9
-52.9
-50.0
-46.9
-43.2
-36.8
-18.3
17.2
20.8
4.8
-13.8
-29.2
-42.1
-54.6
-62.7
-65.6
-65.4
-63.7
-61.3
-58.5
-55.5
-52.6
-49.7
-46.6
-42.7
-35.7
-14.8
19.4
19.6
2.8
-15.6
-30.6
-43.5
-55.7
-63.2
-65.6
-65.2
-63.5
-61.0
-58.2
-55.2
-52.3
-49.4
-46.2
-42.2
-34.6
-11.1
21.1
18.4
0.9
-17.2
-31.8
-44.7
-56.7
-63.6
-65.7
-65.1
-63.3
-60.8
-57.9
-55.0
-52.0
-49.1
-45.9
-41.7
-33.3
-7.1
22.3
16.9
-1.0
-18.9
-33.2
-46.0
-57.6
-64.0
-65.8
-65.0
-63.1
-60.5
-57.6
-54.7
-51.7
-48.8
-45.6
-41.2
-31.9
-3.2
22.9
15.4
-2.9
-20.4
-34.4
-47.3
-58.6
-64.4
-65.7
-64.8
-62.8
-60.2
-57.3
-54.4
-51.4
-48.5
-45.2
-40.6
-30.2
0.9
23.3
13.7
-4.8
-22.0
-35.7
-48.5
-59.4
-64.6
-65.7
-64.7
-62.6
-59.9
-57.0
-54.1
-51.1
-48.2
-44.8
-39.9
-28.4
4.8
23.3
12.1
-6.6
-23.5
-37.0
-49.7
-60.1
-64.9
-65.7
-64.5
-62.3
-59.7
-56.8
-53.8
-50.9
-47.9
-44.5
-39.3
-26.4
8.3
23.1
10.4
-8.4
-25.0
-38.3
-51.0
-60.9
-65.1
-65.6
-64.3
-62.1
-59.4
-56.5
-53.5
-50.6
-47.6
-44.1
-38.5
-24.0
11.8
22.6
8.5
-10.2
-26.4
-39.5
-52.3
-61.5
-65.3
-65.6
-64.1
-61.8
-59.1
-56.1
-53.2
-50.3
-47.2
-43.6
-37.7
-21.3
14.7
21.7
6.6
-12.1
-27.8
-40.8
-53.4
-62.1
-65.4
-65.5
-63.9
-61.5
-58.8
-55.9
-52.9
-50.0
-46.9
-43.2
-36.8
-18.3
17.2
20.8
4.8
-13.8
-29.2
-42.1
-54.6
-62.7
-65.6
-65.4
-63.7
-61.3
-58.5
-55.5
-52.6
-49.7
-46.6
-42.7
-35.7
-14.8
19.4
19.6
2.8
-15.6
-30.6
-43.5
-55.7
-63.2
-65.6
-65.2
-63.5
-61.0
-58.2
-55.2
-52.3
-49.4
-46.2
-42.2
-34.6
-11.1
21.1
18.4
0.9
-17.2
-31.8
-44.7
-56.7
-63.6
-65.7
-65.1
-63.3
-60.8
-57.9
-55.0
-52.0
-49.1
-45.9
-41.7
-33.3
-7.1
22.3
16.9
-1.0
-18.9
-33.2
-46.0
-57.6
-64.0
-65.8
-65.0
-63.1
-60.5
-57.6
-54.7
-51.7
-48.8
-45.6
-41.2
-31.9
-3.2
22.9
15.4
-2.9
-20.4
-34.4
-47.3
-58.6
-64.4
-65.7
-64.8
-62.8
-60.2
-57.3
-54.4
-51.4
-48.5
-45.2
-40.6
-30.2
0.9
23.3
13.7
-4.8
-22.0
-35.7
-48.5
-59.4
-64.6
-65.7
-64.7
-62.6
-59.9
-57.0
-54.1
-51.1
-48.2
-44.8
-39.9
-28.4
4.8
23.3
12.1
-6.6
-23.5
-37.0
-49.7
-60.1
-64.9
-65.7
-64.5
-62.3
-59.7
-56.8
-53.8
-50.9
-47.9
-44.5
-39.3
-26.4
8.4
23.1
10.4
-8.4
-25.0
-38.3
-51.0
-60.9
-65.1
-65.6
-64.3
-62.1
-59.4
-56.5
-53.5
-50.6
-47.6
-44.1
-38.5
-24.0
11.8
22.6
8.5
-10.2
-26.4
-39.5
-52.3
-61.6
-65.3
-65.6
-64.1
-61.8
-59.1
-56.1
-53.2
-50.3
-47.2
-43.6
-37.7
-21.3
14.7
21.7
6.6
-12.1
-27.8
-40.8
-53.4
-62.1
-65.4
-65.5
-63.9
-61.5
-58.8
-55.9
-52.9
-50.0
-46.9
-43.2
-36.8
-18.3
17.3
20.8
4.7
-13.8
-29.2
-42.1
-54.6
-62.7
-65.6
-65.4
-63.7
-61.3
-58.5
-55.5
-52.6
-49.7
-46.6
-42.7
-35.7
-14.8
19.4
19.6
2.8
-15.6
-30.6
-43.5
-55.7
-63.2
-65.6
-65.2
-63.5
-61.0
-58.2
-55.2
-52.3
-49.4
-46.2
-42.2
-34.6
-11.1
21.1
18.4
0.9
-17.2
-31.8
-44.7
-56.7
-63.6
-65.7
-65.1
-63.3
-60.8
-57.9
-55.0
-52.0
-49.1
-45.9
-41.7
-33.3
-7.1
22.3
16.9
-1.0
-18.9
-33.2
-46.0
-57.6
-64.0
-65.8
-65.0
-63.1
-60.5
-57.6
-54.7
-51.7
-48.8
-45.6
-41.2
-31.9
-3.2
22.9
15.4
-2.9
-20.4
-34.4
-47.3
-58.6
-64.4
-65.7
-64.8
-62.8
-60.2
-57.3
-54.4
-51.4
-48.5
-45.2
-40.6
-30.2
0.9
23.3
13.7
-4.8
-22.0
-35.7
-48.9
-59.7
-64.8
-65.8
-64.7
-62.5
-59.9
-57.0
-54.0
-51.1
-48.1
-44.7
-39.8
-27.9
5.8
23.3
11.6
-7.1
-23.9
-37.5
-50.2
-60.4
-64.9
-65.7
-64.4
-62.2
-59.6
-56.7
-53.7
-50.8
-47.8
-44.3
-39.1
-25.8
9.3
22.9
9.8
-8.9
-25.4
-38.7
-51.4
-61.1
-65.2
-65.6
-64.3
-62.0
-59.3
-56.4
-53.4
-50.5
-47.5
-43.9
-38.3
-23.2
12.7
22.3
7.9
-10.8
-26.8
-40.0
-52.6
-61.7
-65.3
-65.5
-64.1
-61.7
-59.0
-56.1
-53.1
-50.2
-47.1
-43.5
-37.4
-20.5
15.5
21.5
6.1
-12.5
-28.3
-41.2
-53.8
-62.3
-65.5
-65.4
-63.8
-61.5
-58.7
-55.8
-52.8
-49.9
-46.8
-43.0
-36.5
-17.3
17.9
20.5
4.2
-14.3
-29.5
-42.5
-54.8
-62.8
-65.6
-65.3
-63.6
-61.2
-58.4
-55.5
-52.5
-49.6
-46.5
-42.6
-35.4
-13.8
20.1
19.4
2.3
-16.0
-30.9
-43.7
-55.9
-63.3
-65.7
-65.2
-63.5
-61.0
-58.1
-55.2
-52.3
-49.3
-46.2
-42.1
-34.3
-10.3
21.4
18.1
0.5
-17.6
-32.1
-45.1
-56.9
-63.8
-65.8
-65.1
-63.2
-60.7
-57.8
-54.9
-51.9
-49.0
-45.8
-41.5
-32.9
-6.0
22.5
16.5
-1.6
-19.4
-33.5
-46.5
-58.0
-64.2
-65.8
-65.0
-63.0
-60.4
-57.5
-54.6
-51.6
-48.7
-45.4
-40.9
-31.3
-1.7
23.1
14.8
-3.6
-21.1
-34.9
-47.7
-58.8
-64.4
-65.7
-64.8
-62.7
-60.1
-57.2
-54.3
-51.3
-48.4
-45.1
-40.3
-29.6
2.3
23.4
13.1
-5.5
-22.6
-36.2
-49.0
-59.6
-64.7
-65.7
-64.6
-62.5
-59.8
-56.9
-54.0
-51.0
-48.1
-44.7
-39.7
-27.7
6.1
23.3
11.4
-7.3
-24.1
-37.6
-50.3
-60.4
-64.9
-65.6
-64.4
-62.2
-59.5
-56.6
-53.7
-50.7
-47.8
-44.3
-39.0
-25.6
9.6
22.9
9.7
-9.1
-25.4
-38.7
-51.4
-61.1
-65.2
-65.6
-64.3
-62.0
-59.3
-56.4
-53.4
-50.5
-47.5
-43.9
-38.3
-23.1
12.9
22.3
7.9
-10.8
-26.9
-40.0
-52.6
-61.7
-65.3
-65.5
-64.1
-61.7
-59.0
-56.1
-53.1
-50.2
-47.1
-43.5
-37.4
-20.4
15.5
21.5
6.1
-12.6
-28.3
-41.3
-53.8
-62.3
-65.5
-65.4
-63.8
-61.5
-58.7
-55.8
-52.8
-49.9
-46.8
-43.0
-36.4
-17.3
18.0
20.4
4.2
-14.4
-29.5
-42.5
-54.8
-62.8
-65.6
-65.3
-63.6
-61.2
-58.4
-55.5
-52.5
-49.6
-46.5
-42.6
-35.4
-13.8
20.1
19.4
2.3
-16.0
-31.0
-43.8
-55.9
-63.3
-65.7
-65.2
-63.4
-61.0
-58.1
-55.2
-52.2
-49.3
-46.2
-42.1
-34.3
-10.2
21.4
18.1
0.5
-17.6
-32.2
-45.0
-56.8
-63.8
-65.7
-65.1
-63.2
-60.7
-57.8
-54.9
-51.9
-49.0
-45.8
-41.6
-33.0
-6.2
22.4
16.5
-1.5
-19.3
-33.5
-46.4
-57.9
-64.2
-65.8
-65.0
-63.0
-60.4
-57.5
-54.6
-51.6
-48.7
-45.4
-41.0
-31.4
-1.9
23.1
14.9
-3.5
-21.0
-34.9
-47.6
-58.8
-64.4
-65.7
-64.8
-62.7
-60.1
-57.2
-54.3
-51.3
-48.4
-45.1
-40.4
-29.7
2.1
23.4
13.2
-5.4
-22.5
-36.1
-48.9
-59.6
-64.7
-65.7
-64.6
-62.5
-59.8
-57.0
-54.0
-51.1
-48.1
-44.7
-39.7
-27.8
5.9
23.3
11.6
-7.2
-24.0
-37.5
-50.2
-60.4
-64.9
-65.7
-64.4
-62.2
-59.5
-56.6
-53.7
-50.8
-47.8
-44.3
-39.0
-25.7
9.4
22.9
9.8
-9.0
-25.4
-38.7
-51.4
-61.1
-65.2
-65.6
-64.2
-62.0
-59.3
-56.4
-53.4
-50.5
-47.5
-43.9
-38.2
-23.1
12.8
22.3
7.9
-10.8
-26.9
-40.0
-52.6
-61.7
-65.3
-65.5
-64.0
-61.7
-59.0
-56.1
-53.1
-50.2
-47.1
-43.5
-37.4
-20.4
15.5
21.5
6.1
-12.6
-28.3
-41.3
-53.8
-62.3
-65.5
-65.4
-63.8
-61.5
-58.7
-55.8
-52.8
-49.9
-46.8
-43.0
-36.4
-17.2
18.0
20.4
4.1
-14.4
-29.5
-42.5
-54.8
-62.8
-65.6
-65.3
-63.6
-61.2
-58.4
-55.5
-52.5
-49.6
-46.5
-42.6
-35.4
-13.7
20.1
19.4
2.3
-16.0
-31.0
-43.8
-56.0
-63.3
-65.7
-65.2
-63.4
-61.0
-58.1
-55.2
-52.2
-49.3
-46.2
-42.1
-34.3
-10.2
21.4
18.1
0.4
-17.7
-32.2
-45.0
-56.9
-63.8
-65.7
-65.1
-63.2
-60.7
-57.8
-54.9
-51.9
-49.0
-45.8
-41.6
-33.0
-6.2
22.4
16.5
-1.5
-19.3
-33.5
-46.4
-58.0
-64.2
-65.8
-65.0
-63.0
-60.4
-57.5
-54.6
-51.6
-48.7
-45.4
-41.0
-31.4
-1.8
23.1
14.8
-3.5
-21.0
-34.9
-47.7
-58.8
-64.4
-65.7
-64.8
-62.7
-60.1
-57.2
-54.3
-51.3
-48.4
-45.1
-40.4
-29.7
2.1
23.4
13.2
-5.4
-22.5
-36.1
-48.9
-59.6
-64.7
-65.7
-64.6
-62.5
-59.8
-56.9
-54.0
-51.1
-48.1
-44.7
-39.7
-27.8
5.9
23.3
11.5
-7.2
-24.0
-37.6
-50.2
-60.4
-64.9
-65.7
-64.4
-62.2
-59.5
-56.6
-53.7
-50.8
-47.8
-44.3
-39.0
-25.7
9.5
22.9
9.8
-9.0
-25.4
-38.6
-51.3
-61.1
-65.2
-65.6
-64.3
-62.0
-59.3
-56.4
-53.4
-50.5
-47.5
-43.9
-38.3
-23.2
12.7
22.4
8.0
-10.8
-26.8
-39.9
-52.5
-61.7
-65.3
-65.5
-64.1
-61.7
-59.0
-56.1
-53.1
-50.2
-47.2
-43.5
-37.5
-20.6
15.4
21.5
6.2
-12.5
-28.2
-41.2
-53.7
-62.3
-65.5
-65.4
-63.9
-61.5
-58.7
-55.8
-52.8
-49.9
-46.8
-43.1
-36.5
-17.4
17.8
20.5
4.2
-14.3
-29.5
-42.4
-54.8
-62.8
-65.6
-65.3
-63.6
-61.2
-58.4
-55.5
-52.5
-49.6
-46.5
-42.6
-35.4
-13.9
20.0
19.4
2.4
-15.9
-30.9
-43.7
-55.9
-63.3
-65.7
-65.2
-63.5
-61.0
-58.2
-55.2
-52.3
-49.3
-46.2
-42.1
-34.4
-10.3
21.3
18.1
0.5
-17.6
-32.1
-45.0
-56.9
-63.8
-65.8
-65.1
-63.2
-60.7
-57.8
-54.9
-51.9
-49.0
-45.8
-41.6
-32.9
-6.1
22.4
16.5
-1.5
-19.3
-33.5
-46.4
-58.0
-64.2
-65.8
-65.0
-63.0
-60.4
-57.5
-54.6
-51.6
-48.7
-45.4
-40.9
-31.3
-1.8
23.1
14.8
-3.6
-21.0
-34.9
-47.7
-58.8
-64.4
-65.7
-64.8
-62.7
-60.1
-57.2
-54.3
-51.3
-48.4
-45.1
-40.4
-29.7
2.2
23.4
13.2
-5.4
-22.5
-36.1
-49.0
-59.6
-64.7
-65.7
-64.6
-62.5
-59.8
-56.9
-54.0
-51.0
-48.1
-44.7
-39.7
-27.8
6.0
23.3
11.5
-7.2
-24.0
-37.6
-50.2
-60.4
-64.9
-65.7
-64.4
-62.2
-59.5
-56.6
-53.7
-50.8
-47.8
-44.3
-39.0
-25.6
9.5
22.9
9.7
-9.0
-25.4
-38.6
-51.3
-61.1
-65.2
-65.6
-64.3
-62.0
-59.3
-56.4
-53.4
-50.5
-47.5
-43.9
-38.3
-23.2
12.8
22.4
8.0
-10.8
-26.8
-39.9
-52.6
-61.7
-65.3
-65.5
-64.1
-61.7
-59.0
-56.1
-53.1
-50.2
-47.2
-43.5
-37.4
-20.5
15.4
21.5
6.1
-12.5
-28.2
-41.2
-53.7
-62.3
-65.5
-65.4
-63.9
-61.5
-58.7
-55.8
-52.8
-49.9
-46.8
-43.1
-36.5
-17.4
17.9
20.5
4.2
-14.3
-29.5
-42.5
-54.8
-62.8
-65.6
-65.3
-63.6
-61.2
-58.4
-55.5
-52.5
-49.6
-46.5
-42.6
-35.4
-13.9
20.0
19.4
2.4
-16.0
-30.9
-43.7
-55.9
-63.3
-65.7
-65.2
-63.5
-61.0
-58.1
-55.2
-52.3
-49.3
-46.2
-42.1
-34.3
-10.3
21.3
18.1
0.5
-17.6
-32.1
-45.0
-56.9
-63.8
-65.8
-65.1
-63.2
-60.7
-57.8
-54.9
-51.9
-49.0
-45.8
-41.5
-32.9
-6.1
22.4
16.5
-1.6
-19.3
-33.5
-46.5
-58.0
-64.2
-65.8
-65.0
-63.0
-60.4
-57.5
-54.6
-51.6
-48.7
-45.4
-40.9
-31.3
-1.7
23.1
14.8
-3.6
-21.0
-34.9
-47.7
-58.8
-64.4
-65.7
-64.8
-62.7
-60.1
-57.2
-54.3
